3
0.5058823994227818
3.000000 3.000000 0.000000 0.000000 1.000000
0.000000 3.000000 0.000000 1.000000 2.000000
4.000000 1.000000 0.000000 3.000000 2.000000
0.000000 4.000000 4.000000 3.000000 4.000000
0.000000 3.000000 4.000000 2.000000 1.000000

3
0.5058823994227818
0.000000 4.000000 0.000000 4.000000 4.000000
0.000000 1.000000 3.000000 1.000000 1.000000
3.000000 2.000000 4.000000 0.000000 4.000000
4.000000 2.000000 4.000000 0.000000 4.000000
3.000000 2.000000 0.000000 0.000000 0.000000

3
0.5185544150216239
0.000000 4.000000 0.000000 4.000000 4.000000
0.000000 1.000000 3.000000 1.000000 1.000000
3.000000 2.000000 4.000000 0.000000 4.000000
4.000000 2.000000 4.000000 0.000000 4.000000
3.000000 2.000000 0.000000 0.000000 0.000000

3
0.5185544150216239
0.000000 4.000000 0.000000 0.000000 4.000000
0.000000 1.000000 3.000000 1.000000 1.000000
3.000000 4.000000 4.000000 0.000000 4.000000
4.000000 4.000000 0.000000 0.000000 0.000000
3.000000 2.000000 0.000000 0.000000 0.000000

3
0.5345873832702637
0.000000 4.000000 0.000000 0.000000 4.000000
0.000000 1.000000 3.000000 1.000000 1.000000
3.000000 4.000000 4.000000 0.000000 4.000000
4.000000 4.000000 0.000000 0.000000 0.000000
3.000000 2.000000 0.000000 0.000000 0.000000

3
0.5575882366725377
0.000000 4.000000 0.000000 4.000000 4.000000
0.000000 3.000000 3.000000 1.000000 1.000000
3.000000 2.000000 4.000000 2.000000 4.000000
4.000000 2.000000 4.000000 0.000000 4.000000
2.000000 2.000000 0.000000 0.000000 0.000000

3
0.5575882366725377
1.000000 4.000000 0.000000 0.000000 0.000000
0.000000 3.000000 3.000000 1.000000 1.000000
3.000000 2.000000 4.000000 2.000000 1.000000
4.000000 2.000000 4.000000 0.000000 4.000000
2.000000 4.000000 0.000000 0.000000 0.000000

3
0.5698165893554688
1.000000 4.000000 0.000000 0.000000 0.000000
0.000000 3.000000 3.000000 1.000000 1.000000
3.000000 2.000000 4.000000 2.000000 1.000000
4.000000 2.000000 4.000000 0.000000 4.000000
2.000000 4.000000 0.000000 0.000000 0.000000

3
0.5922432626996722
0.000000 0.000000 0.000000 4.000000 4.000000
0.000000 1.000000 3.000000 1.000000 1.000000
3.000000 4.000000 0.000000 0.000000 4.000000
4.000000 4.000000 0.000000 0.000000 0.000000
4.000000 0.000000 0.000000 0.000000 0.000000

3
0.5922432626996722
1.000000 4.000000 0.000000 0.000000 0.000000
0.000000 3.000000 1.000000 0.000000 1.000000
3.000000 2.000000 4.000000 4.000000 1.000000
4.000000 4.000000 0.000000 0.000000 4.000000
2.000000 4.000000 0.000000 0.000000 0.000000

3
0.5922432626996722
1.000000 4.000000 0.000000 0.000000 0.000000
0.000000 3.000000 1.000000 0.000000 1.000000
3.000000 2.000000 4.000000 4.000000 1.000000
4.000000 4.000000 0.000000 0.000000 4.000000
2.000000 4.000000 0.000000 0.000000 0.000000

3
0.5922432626996722
1.000000 4.000000 0.000000 0.000000 0.000000
0.000000 3.000000 1.000000 0.000000 1.000000
3.000000 2.000000 4.000000 4.000000 1.000000
4.000000 4.000000 0.000000 0.000000 4.000000
2.000000 4.000000 0.000000 0.000000 0.000000

3
0.5922432626996722
1.000000 4.000000 0.000000 0.000000 0.000000
0.000000 3.000000 1.000000 0.000000 1.000000
3.000000 2.000000 4.000000 4.000000 1.000000
4.000000 4.000000 0.000000 0.000000 4.000000
2.000000 4.000000 0.000000 0.000000 0.000000

3
0.670736585344587
1.000000 4.000000 0.000000 0.000000 0.000000
0.000000 3.000000 1.000000 0.000000 1.000000
3.000000 2.000000 4.000000 4.000000 1.000000
4.000000 4.000000 0.000000 0.000000 4.000000
2.000000 4.000000 0.000000 0.000000 0.000000

3
0.7142295156206403
0.000000 1.000000 4.000000 4.000000 4.000000
0.000000 1.000000 3.000000 1.000000 1.000000
4.000000 4.000000 0.000000 4.000000 4.000000
4.000000 0.000000 0.000000 0.000000 0.000000
4.000000 0.000000 0.000000 0.000000 0.000000
