Run Value_Current_Best Current_Best 25 Value_Solution_At_Iteration Solution_At_Iteration
2 0.41446614265441895 3 3 0 0 1 0 3 0 1 2 4 1 0 3 2 0 4 4 3 4 0 3 4 2 1 0.41446614265441895 0 4 0 4 4 0 1 3 1 1 3 2 4 0 4 4 2 4 0 4 3 2 0 0 0
2 0.41446614265441895 0 4 0 4 4 0 1 3 1 1 3 2 4 0 4 4 2 4 0 4 3 2 0 0 0 0.41446614265441895 0 4 0 4 4 0 1 3 1 1 3 2 4 0 4 4 2 4 0 4 3 2 0 0 0
2 0.41446614265441895 0 4 0 4 4 0 1 3 1 1 3 2 4 0 4 4 2 4 0 4 3 2 0 0 0 0.41446614265441895 0 4 0 4 4 0 1 3 1 1 3 2 4 0 4 4 2 4 0 4 3 2 0 0 0
2 0.41446614265441895 0 4 0 4 4 0 1 3 1 1 3 2 4 0 4 4 2 4 0 4 3 2 0 0 0 0.4787014552525112 0 4 0 4 4 0 1 3 1 1 3 2 4 0 4 4 2 4 0 4 3 2 0 0 0
2 0.4787014552525112 0 4 0 4 4 0 1 3 1 1 3 2 4 0 4 4 2 4 0 4 3 2 0 0 0 0.4787014552525112 0 4 0 4 4 0 1 0 1 1 1 2 3 2 4 4 2 4 0 0 4 2 0 0 0
2 0.4787014552525112 0 4 0 4 4 0 1 0 1 1 1 2 3 2 4 4 2 4 0 0 4 2 0 0 0 0.4787014552525112 0 4 0 4 4 0 1 0 1 1 1 2 3 2 4 4 2 4 0 0 4 2 0 0 0
2 0.4787014552525112 0 4 0 4 4 0 1 0 1 1 1 2 3 2 4 4 2 4 0 0 4 2 0 0 0 0.5437781810760498 0 4 0 4 4 0 1 0 1 1 1 2 3 2 4 4 2 4 0 0 4 2 0 0 0
2 0.5437781810760498 0 4 0 4 4 0 1 0 1 1 1 2 3 2 4 4 2 4 0 0 4 2 0 0 0 0.5437781810760498 0 4 0 4 0 0 4 1 1 1 2 2 4 0 4 4 1 4 0 4 0 4 0 0 0
2 0.5437781810760498 0 4 0 4 0 0 4 1 1 1 2 2 4 0 4 4 1 4 0 4 0 4 0 0 0 0.5449471814291817 0 4 0 4 0 0 4 1 1 1 2 2 4 0 4 4 1 4 0 4 0 4 0 0 0
2 0.5449471814291817 0 4 0 4 0 0 4 1 1 1 2 2 4 0 4 4 1 4 0 4 0 4 0 0 0 0.5494834354945591 0 4 0 0 0 0 1 1 1 1 3 2 4 0 4 4 2 4 0 4 0 4 0 0 0
2 0.5494834354945591 0 4 0 0 0 0 1 1 1 1 3 2 4 0 4 4 2 4 0 4 0 4 0 0 0 0.5494834354945591 0 4 0 0 0 0 1 1 1 1 3 0 4 0 4 4 2 4 0 4 0 4 0 0 0
2 0.5494834354945591 0 4 0 0 0 0 1 1 1 1 3 0 4 0 4 4 2 4 0 4 0 4 0 0 0 0.5896525382995605 0 4 0 0 0 0 1 1 1 1 3 0 4 0 4 4 2 4 0 4 0 4 0 0 0
2 0.5896525382995605 0 4 0 0 0 0 1 1 1 1 3 0 4 0 4 4 2 4 0 4 0 4 0 0 0 0.5896525382995605 0 4 3 4 0 2 1 4 1 1 3 2 4 0 4 2 2 4 0 0 3 4 0 0 0
2 0.5896525382995605 0 4 3 4 0 2 1 4 1 1 3 2 4 0 4 2 2 4 0 0 3 4 0 0 0 0.6261763572692871 0 4 3 4 0 2 1 4 1 1 3 2 4 0 4 2 2 4 0 0 3 4 0 0 0
