Run Value_Current_Best Current_Best 25 Value_Solution_At_Iteration Solution_At_Iteration
4 0.500166824885777 3 3 0 0 1 0 3 0 1 2 4 1 0 3 2 0 4 4 3 4 0 3 4 2 1 0.5032288006373814 0 4 0 4 4 0 1 3 1 1 3 2 4 0 4 4 2 4 0 4 3 2 0 0 0
4 0.5032288006373814 0 4 0 4 4 0 1 3 1 1 3 2 4 0 4 4 2 4 0 4 3 2 0 0 0 0.5032288006373814 0 4 2 4 4 0 1 3 0 1 3 2 4 0 4 4 2 4 0 4 3 2 0 0 0
4 0.5032288006373814 0 4 2 4 4 0 1 3 0 1 3 2 4 0 4 4 2 4 0 4 3 2 0 0 0 0.5073520456041608 0 4 2 4 4 0 1 3 0 1 3 2 4 0 4 4 2 4 0 4 3 2 0 0 0
4 0.5073520456041608 0 4 2 4 4 0 1 3 0 1 3 2 4 0 4 4 2 4 0 4 3 2 0 0 0 0.5185259069715228 0 4 2 4 4 0 0 2 0 1 3 2 4 0 4 4 2 4 0 4 3 2 0 0 0
4 0.5185259069715228 0 4 2 4 4 0 0 2 0 1 3 2 4 0 4 4 2 4 0 4 3 2 0 0 0 0.5185259069715228 0 2 2 4 4 0 0 2 1 1 3 2 4 0 4 4 2 4 0 4 3 2 0 0 0
4 0.5185259069715228 0 2 2 4 4 0 0 2 1 1 3 2 4 0 4 4 2 4 0 4 3 2 0 0 0 0.5445616926465716 0 2 2 4 4 0 0 2 1 1 3 2 4 0 4 4 2 4 0 4 3 2 0 0 0
4 0.5445616926465716 0 2 2 4 4 0 0 2 1 1 3 2 4 0 4 4 2 4 0 4 3 2 0 0 0 0.5812833649771554 3 0 0 1 1 2 3 4 1 0 1 3 4 3 0 4 4 0 3 4 0 1 0 0 3
4 0.5812833649771554 3 0 0 1 1 2 3 4 1 0 1 3 4 3 0 4 4 0 3 4 0 1 0 0 3 0.5812833649771554 2 0 0 1 1 2 3 4 1 4 1 3 4 3 0 4 4 0 3 4 0 4 0 0 3
4 0.5812833649771554 2 0 0 1 1 2 3 4 1 4 1 3 4 3 0 4 4 0 3 4 0 4 0 0 3 0.5812833649771554 2 0 0 1 1 2 3 4 1 4 1 3 4 3 0 4 4 0 3 4 0 4 0 0 3
4 0.5812833649771554 2 0 0 1 1 2 3 4 1 4 1 3 4 3 0 4 4 0 3 4 0 4 0 0 3 0.5812833649771554 2 0 0 1 1 2 3 4 1 4 1 3 4 3 0 4 4 0 3 4 0 4 0 0 3
4 0.5812833649771554 2 0 0 1 1 2 3 4 1 4 1 3 4 3 0 4 4 0 3 4 0 4 0 0 3 0.5812833649771554 2 0 0 1 1 2 3 4 1 4 1 3 4 3 0 4 4 0 3 4 0 4 0 0 3
4 0.5812833649771554 2 0 0 1 1 2 3 4 1 4 1 3 4 3 0 4 4 0 3 4 0 4 0 0 3 0.5812833649771554 2 0 0 1 1 2 3 4 1 4 1 3 4 3 0 4 4 0 3 4 0 4 0 0 3
4 0.5812833649771554 2 0 0 1 1 2 3 4 1 4 1 3 4 3 0 4 4 0 3 4 0 4 0 0 3 0.5812833649771554 2 0 0 1 1 2 3 4 1 4 1 3 4 3 0 4 4 0 3 4 0 4 0 0 3
4 0.5812833649771554 2 0 0 1 1 2 3 4 1 4 1 3 4 3 0 4 4 0 3 4 0 4 0 0 3 0.5830480030604771 2 0 0 1 1 2 3 4 1 4 1 3 4 3 0 4 4 0 3 4 0 4 0 0 3
