1
0.5052359444754464
3.000000 3.000000 0.000000 0.000000 1.000000
0.000000 3.000000 0.000000 1.000000 2.000000
4.000000 1.000000 0.000000 3.000000 2.000000
0.000000 4.000000 4.000000 3.000000 4.000000
0.000000 3.000000 4.000000 2.000000 1.000000

1
0.5052359444754464
0.000000 4.000000 0.000000 4.000000 4.000000
0.000000 1.000000 3.000000 1.000000 1.000000
3.000000 2.000000 4.000000 0.000000 4.000000
4.000000 2.000000 4.000000 0.000000 4.000000
3.000000 2.000000 0.000000 0.000000 0.000000

1
0.5052359444754464
0.000000 4.000000 0.000000 4.000000 4.000000
0.000000 1.000000 3.000000 1.000000 1.000000
3.000000 2.000000 4.000000 0.000000 4.000000
4.000000 2.000000 4.000000 0.000000 4.000000
3.000000 2.000000 0.000000 0.000000 0.000000

1
0.5260649068014962
0.000000 4.000000 0.000000 4.000000 4.000000
0.000000 1.000000 3.000000 1.000000 1.000000
3.000000 2.000000 4.000000 0.000000 4.000000
4.000000 2.000000 4.000000 0.000000 4.000000
3.000000 2.000000 0.000000 0.000000 0.000000

1
0.533846378326416
1.000000 0.000000 0.000000 1.000000 1.000000
1.000000 3.000000 4.000000 1.000000 0.000000
1.000000 3.000000 3.000000 3.000000 0.000000
4.000000 2.000000 0.000000 3.000000 4.000000
0.000000 2.000000 0.000000 0.000000 3.000000

1
0.533846378326416
0.000000 0.000000 0.000000 1.000000 1.000000
1.000000 3.000000 4.000000 1.000000 0.000000
1.000000 3.000000 3.000000 3.000000 0.000000
4.000000 2.000000 0.000000 3.000000 4.000000
4.000000 2.000000 0.000000 0.000000 3.000000

1
0.533846378326416
0.000000 0.000000 0.000000 1.000000 1.000000
1.000000 3.000000 4.000000 1.000000 0.000000
1.000000 3.000000 3.000000 3.000000 0.000000
4.000000 2.000000 0.000000 3.000000 4.000000
4.000000 2.000000 0.000000 0.000000 3.000000

1
0.533846378326416
0.000000 0.000000 0.000000 1.000000 1.000000
1.000000 3.000000 4.000000 1.000000 0.000000
1.000000 3.000000 3.000000 3.000000 0.000000
4.000000 2.000000 0.000000 3.000000 4.000000
4.000000 2.000000 0.000000 0.000000 3.000000

1
0.5392389978681292
0.000000 0.000000 0.000000 1.000000 1.000000
1.000000 3.000000 4.000000 1.000000 0.000000
1.000000 3.000000 3.000000 3.000000 0.000000
4.000000 2.000000 0.000000 3.000000 4.000000
4.000000 2.000000 0.000000 0.000000 3.000000

1
0.5428995404924665
0.000000 3.000000 4.000000 4.000000 3.000000
0.000000 1.000000 3.000000 3.000000 4.000000
3.000000 2.000000 4.000000 0.000000 3.000000
4.000000 2.000000 4.000000 0.000000 4.000000
3.000000 2.000000 0.000000 0.000000 4.000000

1
0.5428995404924665
0.000000 0.000000 0.000000 1.000000 0.000000
1.000000 3.000000 4.000000 1.000000 3.000000
1.000000 3.000000 3.000000 3.000000 0.000000
4.000000 2.000000 0.000000 3.000000 4.000000
4.000000 2.000000 0.000000 0.000000 3.000000

1
0.5428995404924665
0.000000 0.000000 0.000000 1.000000 0.000000
1.000000 3.000000 4.000000 1.000000 3.000000
1.000000 3.000000 3.000000 3.000000 0.000000
4.000000 2.000000 0.000000 3.000000 4.000000
4.000000 2.000000 0.000000 0.000000 3.000000

1
0.5428995404924665
0.000000 0.000000 0.000000 1.000000 0.000000
1.000000 3.000000 4.000000 1.000000 3.000000
1.000000 3.000000 3.000000 3.000000 0.000000
4.000000 2.000000 0.000000 3.000000 4.000000
4.000000 2.000000 0.000000 0.000000 3.000000

1
0.5439707211085728
0.000000 0.000000 0.000000 1.000000 0.000000
1.000000 3.000000 4.000000 1.000000 3.000000
1.000000 3.000000 3.000000 3.000000 0.000000
4.000000 2.000000 0.000000 3.000000 4.000000
4.000000 2.000000 0.000000 0.000000 3.000000

1
0.5439707211085728
0.000000 0.000000 1.000000 4.000000 3.000000
0.000000 0.000000 3.000000 3.000000 2.000000
3.000000 1.000000 4.000000 0.000000 3.000000
0.000000 2.000000 4.000000 0.000000 4.000000
3.000000 2.000000 0.000000 0.000000 4.000000
