Run Value_Current_Best Current_Best 25 Value_Solution_At_Iteration Solution_At_Iteration
3 0.5058823994227818 3 3 0 0 1 0 3 0 1 2 4 1 0 3 2 0 4 4 3 4 0 3 4 2 1 0.5058823994227818 0 4 0 4 4 0 1 3 1 1 3 2 4 0 4 4 2 4 0 4 3 2 0 0 0
3 0.5058823994227818 0 4 0 4 4 0 1 3 1 1 3 2 4 0 4 4 2 4 0 4 3 2 0 0 0 0.5185544150216239 0 4 0 4 4 0 1 3 1 1 3 2 4 0 4 4 2 4 0 4 3 2 0 0 0
3 0.5185544150216239 0 4 0 4 4 0 1 3 1 1 3 2 4 0 4 4 2 4 0 4 3 2 0 0 0 0.5185544150216239 0 4 0 0 4 0 1 3 1 1 3 4 4 0 4 4 4 0 0 0 3 2 0 0 0
3 0.5185544150216239 0 4 0 0 4 0 1 3 1 1 3 4 4 0 4 4 4 0 0 0 3 2 0 0 0 0.5345873832702637 0 4 0 0 4 0 1 3 1 1 3 4 4 0 4 4 4 0 0 0 3 2 0 0 0
3 0.5345873832702637 0 4 0 0 4 0 1 3 1 1 3 4 4 0 4 4 4 0 0 0 3 2 0 0 0 0.5575882366725377 0 4 0 4 4 0 3 3 1 1 3 2 4 2 4 4 2 4 0 4 2 2 0 0 0
3 0.5575882366725377 0 4 0 4 4 0 3 3 1 1 3 2 4 2 4 4 2 4 0 4 2 2 0 0 0 0.5575882366725377 1 4 0 0 0 0 3 3 1 1 3 2 4 2 1 4 2 4 0 4 2 4 0 0 0
3 0.5575882366725377 1 4 0 0 0 0 3 3 1 1 3 2 4 2 1 4 2 4 0 4 2 4 0 0 0 0.5698165893554688 1 4 0 0 0 0 3 3 1 1 3 2 4 2 1 4 2 4 0 4 2 4 0 0 0
3 0.5698165893554688 1 4 0 0 0 0 3 3 1 1 3 2 4 2 1 4 2 4 0 4 2 4 0 0 0 0.5922432626996722 0 0 0 4 4 0 1 3 1 1 3 4 0 0 4 4 4 0 0 0 4 0 0 0 0
3 0.5922432626996722 0 0 0 4 4 0 1 3 1 1 3 4 0 0 4 4 4 0 0 0 4 0 0 0 0 0.5922432626996722 1 4 0 0 0 0 3 1 0 1 3 2 4 4 1 4 4 0 0 4 2 4 0 0 0
3 0.5922432626996722 1 4 0 0 0 0 3 1 0 1 3 2 4 4 1 4 4 0 0 4 2 4 0 0 0 0.5922432626996722 1 4 0 0 0 0 3 1 0 1 3 2 4 4 1 4 4 0 0 4 2 4 0 0 0
3 0.5922432626996722 1 4 0 0 0 0 3 1 0 1 3 2 4 4 1 4 4 0 0 4 2 4 0 0 0 0.5922432626996722 1 4 0 0 0 0 3 1 0 1 3 2 4 4 1 4 4 0 0 4 2 4 0 0 0
3 0.5922432626996722 1 4 0 0 0 0 3 1 0 1 3 2 4 4 1 4 4 0 0 4 2 4 0 0 0 0.5922432626996722 1 4 0 0 0 0 3 1 0 1 3 2 4 4 1 4 4 0 0 4 2 4 0 0 0
3 0.5922432626996722 1 4 0 0 0 0 3 1 0 1 3 2 4 4 1 4 4 0 0 4 2 4 0 0 0 0.670736585344587 1 4 0 0 0 0 3 1 0 1 3 2 4 4 1 4 4 0 0 4 2 4 0 0 0
3 0.670736585344587 1 4 0 0 0 0 3 1 0 1 3 2 4 4 1 4 4 0 0 4 2 4 0 0 0 0.7142295156206403 0 1 4 4 4 0 1 3 1 1 4 4 0 4 4 4 0 0 0 0 4 0 0 0 0
