2
0.41446614265441895
3.000000 3.000000 0.000000 0.000000 1.000000
0.000000 3.000000 0.000000 1.000000 2.000000
4.000000 1.000000 0.000000 3.000000 2.000000
0.000000 4.000000 4.000000 3.000000 4.000000
0.000000 3.000000 4.000000 2.000000 1.000000

2
0.41446614265441895
0.000000 4.000000 0.000000 4.000000 4.000000
0.000000 1.000000 3.000000 1.000000 1.000000
3.000000 2.000000 4.000000 0.000000 4.000000
4.000000 2.000000 4.000000 0.000000 4.000000
3.000000 2.000000 0.000000 0.000000 0.000000

2
0.41446614265441895
0.000000 4.000000 0.000000 4.000000 4.000000
0.000000 1.000000 3.000000 1.000000 1.000000
3.000000 2.000000 4.000000 0.000000 4.000000
4.000000 2.000000 4.000000 0.000000 4.000000
3.000000 2.000000 0.000000 0.000000 0.000000

2
0.41446614265441895
0.000000 4.000000 0.000000 4.000000 4.000000
0.000000 1.000000 3.000000 1.000000 1.000000
3.000000 2.000000 4.000000 0.000000 4.000000
4.000000 2.000000 4.000000 0.000000 4.000000
3.000000 2.000000 0.000000 0.000000 0.000000

2
0.4787014552525112
0.000000 4.000000 0.000000 4.000000 4.000000
0.000000 1.000000 3.000000 1.000000 1.000000
3.000000 2.000000 4.000000 0.000000 4.000000
4.000000 2.000000 4.000000 0.000000 4.000000
3.000000 2.000000 0.000000 0.000000 0.000000

2
0.4787014552525112
0.000000 4.000000 0.000000 4.000000 4.000000
0.000000 1.000000 0.000000 1.000000 1.000000
1.000000 2.000000 3.000000 2.000000 4.000000
4.000000 2.000000 4.000000 0.000000 0.000000
4.000000 2.000000 0.000000 0.000000 0.000000

2
0.4787014552525112
0.000000 4.000000 0.000000 4.000000 4.000000
0.000000 1.000000 0.000000 1.000000 1.000000
1.000000 2.000000 3.000000 2.000000 4.000000
4.000000 2.000000 4.000000 0.000000 0.000000
4.000000 2.000000 0.000000 0.000000 0.000000

2
0.5437781810760498
0.000000 4.000000 0.000000 4.000000 4.000000
0.000000 1.000000 0.000000 1.000000 1.000000
1.000000 2.000000 3.000000 2.000000 4.000000
4.000000 2.000000 4.000000 0.000000 0.000000
4.000000 2.000000 0.000000 0.000000 0.000000

2
0.5437781810760498
0.000000 4.000000 0.000000 4.000000 0.000000
0.000000 4.000000 1.000000 1.000000 1.000000
2.000000 2.000000 4.000000 0.000000 4.000000
4.000000 1.000000 4.000000 0.000000 4.000000
0.000000 4.000000 0.000000 0.000000 0.000000

2
0.5449471814291817
0.000000 4.000000 0.000000 4.000000 0.000000
0.000000 4.000000 1.000000 1.000000 1.000000
2.000000 2.000000 4.000000 0.000000 4.000000
4.000000 1.000000 4.000000 0.000000 4.000000
0.000000 4.000000 0.000000 0.000000 0.000000

2
0.5494834354945591
0.000000 4.000000 0.000000 0.000000 0.000000
0.000000 1.000000 1.000000 1.000000 1.000000
3.000000 2.000000 4.000000 0.000000 4.000000
4.000000 2.000000 4.000000 0.000000 4.000000
0.000000 4.000000 0.000000 0.000000 0.000000

2
0.5494834354945591
0.000000 4.000000 0.000000 0.000000 0.000000
0.000000 1.000000 1.000000 1.000000 1.000000
3.000000 0.000000 4.000000 0.000000 4.000000
4.000000 2.000000 4.000000 0.000000 4.000000
0.000000 4.000000 0.000000 0.000000 0.000000

2
0.5896525382995605
0.000000 4.000000 0.000000 0.000000 0.000000
0.000000 1.000000 1.000000 1.000000 1.000000
3.000000 0.000000 4.000000 0.000000 4.000000
4.000000 2.000000 4.000000 0.000000 4.000000
0.000000 4.000000 0.000000 0.000000 0.000000

2
0.5896525382995605
0.000000 4.000000 3.000000 4.000000 0.000000
2.000000 1.000000 4.000000 1.000000 1.000000
3.000000 2.000000 4.000000 0.000000 4.000000
2.000000 2.000000 4.000000 0.000000 0.000000
3.000000 4.000000 0.000000 0.000000 0.000000

2
0.6261763572692871
0.000000 4.000000 3.000000 4.000000 0.000000
2.000000 1.000000 4.000000 1.000000 1.000000
3.000000 2.000000 4.000000 0.000000 4.000000
2.000000 2.000000 4.000000 0.000000 0.000000
3.000000 4.000000 0.000000 0.000000 0.000000
