1
0.3062077714054014
3.000000 3.000000 0.000000 0.000000 1.000000
0.000000 3.000000 0.000000 1.000000 2.000000
4.000000 1.000000 0.000000 3.000000 2.000000
0.000000 4.000000 4.000000 3.000000 4.000000
0.000000 3.000000 4.000000 2.000000 1.000000

1
0.36640991613580703
3.000000 3.000000 0.000000 0.000000 1.000000
0.000000 3.000000 0.000000 1.000000 2.000000
4.000000 1.000000 0.000000 3.000000 2.000000
0.000000 4.000000 4.000000 3.000000 4.000000
0.000000 3.000000 4.000000 2.000000 1.000000

1
0.36640991613580703
1.000000 0.000000 0.000000 1.000000 1.000000
1.000000 3.000000 4.000000 1.000000 0.000000
1.000000 3.000000 4.000000 3.000000 0.000000
0.000000 2.000000 3.000000 4.000000 4.000000
0.000000 2.000000 0.000000 1.000000 3.000000

1
0.36640991613580703
1.000000 0.000000 0.000000 1.000000 1.000000
1.000000 3.000000 4.000000 1.000000 0.000000
1.000000 3.000000 4.000000 3.000000 0.000000
0.000000 2.000000 3.000000 4.000000 4.000000
0.000000 2.000000 0.000000 1.000000 3.000000

1
0.36640991613580703
1.000000 0.000000 0.000000 1.000000 1.000000
1.000000 3.000000 4.000000 1.000000 0.000000
1.000000 3.000000 4.000000 3.000000 0.000000
0.000000 2.000000 3.000000 4.000000 4.000000
0.000000 2.000000 0.000000 1.000000 3.000000

1
0.36640991613580703
1.000000 0.000000 0.000000 1.000000 1.000000
1.000000 3.000000 4.000000 1.000000 0.000000
1.000000 3.000000 4.000000 3.000000 0.000000
0.000000 2.000000 3.000000 4.000000 4.000000
0.000000 2.000000 0.000000 1.000000 3.000000

1
0.465761519649877
1.000000 0.000000 0.000000 1.000000 1.000000
1.000000 3.000000 4.000000 1.000000 0.000000
1.000000 3.000000 4.000000 3.000000 0.000000
0.000000 2.000000 3.000000 4.000000 4.000000
0.000000 2.000000 0.000000 1.000000 3.000000

1
0.465761519649877
1.000000 0.000000 0.000000 1.000000 3.000000
1.000000 3.000000 4.000000 1.000000 0.000000
1.000000 3.000000 4.000000 3.000000 0.000000
1.000000 4.000000 3.000000 4.000000 4.000000
3.000000 2.000000 0.000000 1.000000 0.000000

1
0.465761519649877
1.000000 0.000000 0.000000 1.000000 3.000000
1.000000 3.000000 4.000000 1.000000 0.000000
1.000000 3.000000 4.000000 3.000000 0.000000
1.000000 4.000000 3.000000 4.000000 4.000000
3.000000 2.000000 0.000000 1.000000 0.000000

1
0.465761519649877
1.000000 0.000000 0.000000 1.000000 3.000000
1.000000 3.000000 4.000000 1.000000 0.000000
1.000000 3.000000 4.000000 3.000000 0.000000
1.000000 4.000000 3.000000 4.000000 4.000000
3.000000 2.000000 0.000000 1.000000 0.000000

1
0.5413270625773074
1.000000 0.000000 0.000000 1.000000 3.000000
1.000000 3.000000 4.000000 1.000000 0.000000
1.000000 3.000000 4.000000 3.000000 0.000000
1.000000 4.000000 3.000000 4.000000 4.000000
3.000000 2.000000 0.000000 1.000000 0.000000

1
0.5413270625773074
1.000000 0.000000 0.000000 2.000000 0.000000
1.000000 3.000000 4.000000 1.000000 0.000000
1.000000 3.000000 3.000000 1.000000 0.000000
1.000000 4.000000 3.000000 4.000000 3.000000
3.000000 2.000000 0.000000 1.000000 0.000000

1
0.5413270625773074
1.000000 0.000000 0.000000 2.000000 0.000000
1.000000 3.000000 4.000000 1.000000 0.000000
1.000000 3.000000 3.000000 1.000000 0.000000
1.000000 4.000000 3.000000 4.000000 3.000000
3.000000 2.000000 0.000000 1.000000 0.000000

1
0.5413270625773074
1.000000 0.000000 0.000000 2.000000 0.000000
1.000000 3.000000 4.000000 1.000000 0.000000
1.000000 3.000000 3.000000 1.000000 0.000000
1.000000 4.000000 3.000000 4.000000 3.000000
3.000000 2.000000 0.000000 1.000000 0.000000

1
0.5677282647505145
1.000000 0.000000 0.000000 2.000000 0.000000
1.000000 3.000000 4.000000 1.000000 0.000000
1.000000 3.000000 3.000000 1.000000 0.000000
1.000000 4.000000 3.000000 4.000000 3.000000
3.000000 2.000000 0.000000 1.000000 0.000000
