Run Value_Current_Best Current_Best 25 Value_Solution_At_Iteration Solution_At_Iteration
1 0.3062077714054014 3 3 0 0 1 0 3 0 1 2 4 1 0 3 2 0 4 4 3 4 0 3 4 2 1 0.36640991613580703 3 3 0 0 1 0 3 0 1 2 4 1 0 3 2 0 4 4 3 4 0 3 4 2 1
1 0.36640991613580703 3 3 0 0 1 0 3 0 1 2 4 1 0 3 2 0 4 4 3 4 0 3 4 2 1 0.36640991613580703 1 0 0 1 1 1 3 4 1 0 1 3 4 3 0 0 2 3 4 4 0 2 0 1 3
1 0.36640991613580703 1 0 0 1 1 1 3 4 1 0 1 3 4 3 0 0 2 3 4 4 0 2 0 1 3 0.36640991613580703 1 0 0 1 1 1 3 4 1 0 1 3 4 3 0 0 2 3 4 4 0 2 0 1 3
1 0.36640991613580703 1 0 0 1 1 1 3 4 1 0 1 3 4 3 0 0 2 3 4 4 0 2 0 1 3 0.36640991613580703 1 0 0 1 1 1 3 4 1 0 1 3 4 3 0 0 2 3 4 4 0 2 0 1 3
1 0.36640991613580703 1 0 0 1 1 1 3 4 1 0 1 3 4 3 0 0 2 3 4 4 0 2 0 1 3 0.36640991613580703 1 0 0 1 1 1 3 4 1 0 1 3 4 3 0 0 2 3 4 4 0 2 0 1 3
1 0.36640991613580703 1 0 0 1 1 1 3 4 1 0 1 3 4 3 0 0 2 3 4 4 0 2 0 1 3 0.465761519649877 1 0 0 1 1 1 3 4 1 0 1 3 4 3 0 0 2 3 4 4 0 2 0 1 3
1 0.465761519649877 1 0 0 1 1 1 3 4 1 0 1 3 4 3 0 0 2 3 4 4 0 2 0 1 3 0.465761519649877 1 0 0 1 3 1 3 4 1 0 1 3 4 3 0 1 4 3 4 4 3 2 0 1 0
1 0.465761519649877 1 0 0 1 3 1 3 4 1 0 1 3 4 3 0 1 4 3 4 4 3 2 0 1 0 0.465761519649877 1 0 0 1 3 1 3 4 1 0 1 3 4 3 0 1 4 3 4 4 3 2 0 1 0
1 0.465761519649877 1 0 0 1 3 1 3 4 1 0 1 3 4 3 0 1 4 3 4 4 3 2 0 1 0 0.465761519649877 1 0 0 1 3 1 3 4 1 0 1 3 4 3 0 1 4 3 4 4 3 2 0 1 0
1 0.465761519649877 1 0 0 1 3 1 3 4 1 0 1 3 4 3 0 1 4 3 4 4 3 2 0 1 0 0.5413270625773074 1 0 0 1 3 1 3 4 1 0 1 3 4 3 0 1 4 3 4 4 3 2 0 1 0
1 0.5413270625773074 1 0 0 1 3 1 3 4 1 0 1 3 4 3 0 1 4 3 4 4 3 2 0 1 0 0.5413270625773074 1 0 0 2 0 1 3 4 1 0 1 3 3 1 0 1 4 3 4 3 3 2 0 1 0
1 0.5413270625773074 1 0 0 2 0 1 3 4 1 0 1 3 3 1 0 1 4 3 4 3 3 2 0 1 0 0.5413270625773074 1 0 0 2 0 1 3 4 1 0 1 3 3 1 0 1 4 3 4 3 3 2 0 1 0
1 0.5413270625773074 1 0 0 2 0 1 3 4 1 0 1 3 3 1 0 1 4 3 4 3 3 2 0 1 0 0.5413270625773074 1 0 0 2 0 1 3 4 1 0 1 3 3 1 0 1 4 3 4 3 3 2 0 1 0
1 0.5413270625773074 1 0 0 2 0 1 3 4 1 0 1 3 3 1 0 1 4 3 4 3 3 2 0 1 0 0.5677282647505145 1 0 0 2 0 1 3 4 1 0 1 3 3 1 0 1 4 3 4 3 3 2 0 1 0
