1	
0.6133276511583684    
3.000000 3.000000 0.000000 0.000000 1.000000
0.000000 3.000000 0.000000 1.000000 2.000000
4.000000 1.000000 0.000000 3.000000 2.000000
0.000000 4.000000 4.000000 3.000000 4.000000
0.000000 3.000000 4.000000 2.000000 1.000000

1
0.7735056265361533    
0.000000 0.000000 3.000000 2.000000 4.000000
2.000000 0.000000 1.000000 1.000000 3.000000
3.000000 4.000000 3.000000 0.000000 0.000000
0.000000 4.000000 4.000000 0.000000 0.000000
1.000000 3.000000 2.000000 2.000000 0.000000

1		
0.7735056365361533     
3.000000 0.000000 0.000000 0.000000 2.000000
4.000000 1.000000 4.000000 1.000000 2.000000
2.000000 3.000000 3.000000 4.000000 3.000000
4.000000 0.000000 1.000000 2.000000 1.000000
1.000000 3.000000 0.000000 2.000000 3.000000

1		
0.7735056465361533 
3.000000 0.000000 0.000000 0.000000 2.000000
4.000000 1.000000 4.000000 1.000000 2.000000
2.000000 3.000000 3.000000 4.000000 3.000000
4.000000 0.000000 1.000000 2.000000 1.000000
1.000000 3.000000 0.000000 2.000000 3.000000

1	
0.7735056565361533      
3.000000 0.000000 0.000000 0.000000 2.000000
4.000000 1.000000 4.000000 1.000000 2.000000
2.000000 3.000000 3.000000 4.000000 3.000000
4.000000 0.000000 1.000000 2.000000 1.000000
1.000000 3.000000 0.000000 2.000000 3.000000

1		
0.7735056665361533      
3.000000 0.000000 0.000000 0.000000 2.000000
4.000000 1.000000 4.000000 1.000000 2.000000
2.000000 3.000000 3.000000 4.000000 3.000000
4.000000 0.000000 1.000000 2.000000 1.000000
1.000000 3.000000 0.000000 2.000000 3.000000

1		
0.7735056765361533      
3.000000 0.000000 0.000000 0.000000 2.000000
4.000000 1.000000 4.000000 1.000000 2.000000
2.000000 3.000000 3.000000 4.000000 3.000000
4.000000 0.000000 1.000000 2.000000 1.000000
1.000000 3.000000 0.000000 2.000000 3.000000

1		
0.8687819427962299      
3.000000 0.000000 0.000000 0.000000 2.000000
4.000000 1.000000 4.000000 1.000000 2.000000
2.000000 3.000000 3.000000 4.000000 3.000000
4.000000 0.000000 1.000000 2.000000 1.000000
1.000000 3.000000 0.000000 2.000000 3.000000

1		
0.8687819527962299      
4.000000 2.000000 0.000000 0.000000 4.000000
4.000000 1.000000 4.000000 1.000000 4.000000
2.000000 3.000000 3.000000 4.000000 3.000000
4.000000 0.000000 1.000000 2.000000 1.000000
1.000000 3.000000 0.000000 2.000000 3.000000

1		
0.8687819627962299      
4.000000 2.000000 0.000000 0.000000 4.000000
4.000000 1.000000 4.000000 1.000000 4.000000
2.000000 3.000000 3.000000 4.000000 3.000000
4.000000 0.000000 1.000000 2.000000 1.000000
1.000000 3.000000 0.000000 2.000000 3.000000

1		
0.8687819727962299      
4.000000 2.000000 0.000000 0.000000 4.000000
4.000000 1.000000 4.000000 1.000000 4.000000
2.000000 3.000000 3.000000 4.000000 3.000000
4.000000 0.000000 1.000000 2.000000 1.000000
1.000000 3.000000 0.000000 2.000000 3.000000

1		
0.8687819827962299      
4.000000 2.000000 0.000000 0.000000 4.000000
4.000000 1.000000 4.000000 1.000000 4.000000
2.000000 3.000000 3.000000 4.000000 3.000000
4.000000 0.000000 1.000000 2.000000 1.000000
1.000000 3.000000 0.000000 2.000000 3.000000

1		
0.8689257315443905      
4.000000 2.000000 0.000000 0.000000 4.000000
4.000000 1.000000 4.000000 1.000000 4.000000
2.000000 3.000000 3.000000 4.000000 3.000000
4.000000 0.000000 1.000000 2.000000 1.000000
1.000000 3.000000 0.000000 2.000000 3.000000

1		
0.8693073748240587      
4.000000 0.000000 0.000000 0.000000 4.000000
3.000000 1.000000 4.000000 2.000000 4.000000
1.000000 3.000000 3.000000 4.000000 3.000000
4.000000 0.000000 4.000000 0.000000 1.000000
1.000000 4.000000 0.000000 2.000000 3.000000

1		
0.8693614366165174      
4.000000 0.000000 0.000000 0.000000 0.000000
3.000000 1.000000 4.000000 2.000000 4.000000
1.000000 3.000000 3.000000 4.000000 3.000000
4.000000 0.000000 4.000000 0.000000 1.000000
1.000000 4.000000 0.000000 2.000000 3.000000
