2		
0.6046916920017177      
3.000000 3.000000 0.000000 0.000000 1.000000
0.000000 3.000000 0.000000 1.000000 2.000000
4.000000 1.000000 0.000000 3.000000 2.000000
0.000000 4.000000 4.000000 3.000000 4.000000
0.000000 3.000000 4.000000 2.000000 1.000000

2	
0.734234637190148       
0.000000 0.000000 3.000000 2.000000 4.000000
2.000000 0.000000 1.000000 1.000000 3.000000
3.000000 4.000000 3.000000 0.000000 0.000000
0.000000 4.000000 4.000000 0.000000 0.000000
1.000000 3.000000 2.000000 2.000000 0.000000

2		
0.7657893686754471      
3.000000 0.000000 0.000000 0.000000 2.000000
2.000000 1.000000 4.000000 1.000000 2.000000
2.000000 3.000000 3.000000 4.000000 3.000000
4.000000 0.000000 1.000000 2.000000 3.000000
1.000000 3.000000 0.000000 2.000000 3.000000

2		
0.7657893686754471      
3.000000 0.000000 0.000000 4.000000 2.000000
4.000000 1.000000 4.000000 1.000000 2.000000
2.000000 3.000000 3.000000 4.000000 3.000000
4.000000 0.000000 1.000000 2.000000 3.000000
1.000000 3.000000 0.000000 2.000000 3.000000

2		
0.8680699411796591      
3.000000 0.000000 0.000000 4.000000 2.000000
4.000000 1.000000 4.000000 1.000000 2.000000
2.000000 3.000000 3.000000 4.000000 3.000000
4.000000 0.000000 1.000000 2.000000 3.000000
1.000000 3.000000 0.000000 2.000000 3.000000

2		
0.8680699411796591      
3.000000 0.000000 0.000000 0.000000 2.000000
2.000000 3.000000 4.000000 1.000000 2.000000
2.000000 3.000000 3.000000 4.000000 3.000000
4.000000 0.000000 0.000000 2.000000 2.000000
1.000000 3.000000 0.000000 2.000000 3.000000

2	
0.8688019014033976      
3.000000 0.000000 0.000000 0.000000 2.000000
2.000000 3.000000 4.000000 1.000000 2.000000
2.000000 3.000000 3.000000 4.000000 3.000000
4.000000 0.000000 0.000000 2.000000 2.000000
1.000000 3.000000 0.000000 2.000000 3.000000

2		
0.8688019014033976      
1.000000 0.000000 0.000000 4.000000 2.000000
4.000000 1.000000 4.000000 1.000000 4.000000
2.000000 3.000000 3.000000 4.000000 3.000000
4.000000 0.000000 0.000000 2.000000 3.000000
1.000000 3.000000 0.000000 3.000000 3.000000

2		
0.8688019014033976      
1.000000 0.000000 0.000000 4.000000 2.000000
4.000000 1.000000 4.000000 1.000000 4.000000
2.000000 3.000000 3.000000 4.000000 3.000000
4.000000 0.000000 0.000000 2.000000 3.000000
1.000000 3.000000 0.000000 3.000000 3.000000

2		
0.8688019014033976      
1.000000 0.000000 0.000000 4.000000 2.000000
4.000000 1.000000 4.000000 1.000000 4.000000
2.000000 3.000000 3.000000 4.000000 3.000000
4.000000 0.000000 0.000000 2.000000 3.000000
1.000000 3.000000 0.000000 3.000000 3.000000

2		
0.8688019014033976      
1.000000 0.000000 0.000000 4.000000 2.000000
4.000000 1.000000 4.000000 1.000000 4.000000
2.000000 3.000000 3.000000 4.000000 3.000000
4.000000 0.000000 0.000000 2.000000 3.000000
1.000000 3.000000 0.000000 3.000000 3.000000

2		
0.8690685657504692     
1.000000 0.000000 0.000000 4.000000 2.000000
4.000000 1.000000 4.000000 1.000000 4.000000
2.000000 3.000000 3.000000 4.000000 3.000000
4.000000 0.000000 0.000000 2.000000 3.000000
1.000000 3.000000 0.000000 3.000000 3.000000

2		
0.8690685657504692      
1.000000 0.000000 3.000000 4.000000 2.000000
1.000000 4.000000 4.000000 1.000000 4.000000
2.000000 3.000000 3.000000 4.000000 3.000000
4.000000 0.000000 3.000000 2.000000 2.000000
1.000000 3.000000 0.000000 3.000000 3.000000

2		
0.8690685657504692      
1.000000 0.000000 3.000000 4.000000 2.000000
1.000000 4.000000 4.000000 1.000000 4.000000
2.000000 3.000000 3.000000 4.000000 3.000000
4.000000 0.000000 3.000000 2.000000 2.000000
1.000000 3.000000 0.000000 3.000000 3.000000

2		
0.8690685657504692      
1.000000 0.000000 3.000000 4.000000 2.000000
1.000000 4.000000 4.000000 1.000000 4.000000
2.000000 3.000000 3.000000 4.000000 3.000000
4.000000 0.000000 3.000000 2.000000 2.000000
1.000000 3.000000 0.000000 3.000000 3.000000

