3		
0.7803639246183053      
3.000000 3.000000 0.000000 0.000000 1.000000
0.000000 3.000000 0.000000 1.000000 2.000000
4.000000 1.000000 0.000000 3.000000 2.000000
0.000000 4.000000 4.000000 3.000000 4.000000
0.000000 3.000000 4.000000 2.000000 1.000000

3		
0.7803639246183053      
3.000000 0.000000 0.000000 0.000000 2.000000
4.000000 1.000000 4.000000 1.000000 2.000000
2.000000 3.000000 3.000000 4.000000 3.000000
4.000000 0.000000 1.000000 2.000000 3.000000
1.000000 3.000000 0.000000 2.000000 3.000000

3		
0.7803639246183053      
3.000000 0.000000 0.000000 0.000000 2.000000
4.000000 1.000000 4.000000 1.000000 2.000000
2.000000 3.000000 3.000000 4.000000 3.000000
4.000000 0.000000 1.000000 2.000000 3.000000
1.000000 3.000000 0.000000 2.000000 3.000000

3		
0.7803639246183053      
3.000000 0.000000 0.000000 0.000000 2.000000
4.000000 1.000000 4.000000 1.000000 2.000000
2.000000 3.000000 3.000000 4.000000 3.000000
4.000000 0.000000 1.000000 2.000000 3.000000
1.000000 3.000000 0.000000 2.000000 3.000000

3		
0.7803639246183053      
3.000000 0.000000 0.000000 0.000000 2.000000
4.000000 1.000000 4.000000 1.000000 2.000000
2.000000 3.000000 3.000000 4.000000 3.000000
4.000000 0.000000 1.000000 2.000000 3.000000
1.000000 3.000000 0.000000 2.000000 3.000000

3		
0.7803639246183053      
3.000000 0.000000 0.000000 0.000000 2.000000
4.000000 1.000000 4.000000 1.000000 2.000000
2.000000 3.000000 3.000000 4.000000 3.000000
4.000000 0.000000 1.000000 2.000000 3.000000
1.000000 3.000000 0.000000 2.000000 3.000000

3		
0.7803639246183053      
3.000000 0.000000 0.000000 0.000000 2.000000
4.000000 1.000000 4.000000 1.000000 2.000000
2.000000 3.000000 3.000000 4.000000 3.000000
4.000000 0.000000 1.000000 2.000000 3.000000
1.000000 3.000000 0.000000 2.000000 3.000000

3		
0.7803639246183053      
3.000000 0.000000 0.000000 0.000000 2.000000
4.000000 1.000000 4.000000 1.000000 2.000000
2.000000 3.000000 3.000000 4.000000 3.000000
4.000000 0.000000 1.000000 2.000000 3.000000
1.000000 3.000000 0.000000 2.000000 3.000000

3		
0.8567186135178376      
3.000000 0.000000 0.000000 0.000000 2.000000
4.000000 1.000000 4.000000 1.000000 2.000000
2.000000 3.000000 3.000000 4.000000 3.000000
4.000000 0.000000 1.000000 2.000000 3.000000
1.000000 3.000000 0.000000 2.000000 3.000000

3		
0.8567186135178376      
3.000000 0.000000 0.000000 0.000000 2.000000
4.000000 1.000000 4.000000 1.000000 2.000000
2.000000 3.000000 3.000000 4.000000 3.000000
4.000000 0.000000 1.000000 2.000000 3.000000
1.000000 0.000000 0.000000 2.000000 3.000000

3		
0.8567186135178376      
3.000000 0.000000 0.000000 0.000000 2.000000
4.000000 1.000000 4.000000 1.000000 2.000000
2.000000 3.000000 3.000000 4.000000 3.000000
4.000000 0.000000 1.000000 2.000000 3.000000
1.000000 0.000000 0.000000 2.000000 3.000000

3
0.8674375136621004      
3.000000 0.000000 0.000000 0.000000 2.000000
4.000000 1.000000 4.000000 1.000000 2.000000
2.000000 3.000000 3.000000 4.000000 3.000000
4.000000 0.000000 1.000000 2.000000 3.000000
1.000000 0.000000 0.000000 2.000000 3.000000

3		
0.8682594611711997      
3.000000 0.000000 0.000000 0.000000 2.000000
4.000000 2.000000 4.000000 1.000000 2.000000
2.000000 3.000000 3.000000 4.000000 3.000000
4.000000 0.000000 1.000000 0.000000 3.000000
1.000000 0.000000 0.000000 2.000000 3.000000

3		
0.8684625183049932      
3.000000 0.000000 0.000000 0.000000 2.000000
4.000000 1.000000 4.000000 1.000000 2.000000
2.000000 3.000000 3.000000 4.000000 3.000000
4.000000 0.000000 1.000000 2.000000 3.000000
1.000000 0.000000 0.000000 4.000000 3.000000

3		
0.8684625183049932      
3.000000 0.000000 0.000000 0.000000 3.000000
4.000000 1.000000 4.000000 1.000000 2.000000
2.000000 3.000000 3.000000 4.000000 3.000000
4.000000 0.000000 2.000000 2.000000 4.000000
1.000000 0.000000 0.000000 4.000000 3.000000
