4
0.500166824885777
3.000000 3.000000 0.000000 0.000000 1.000000
0.000000 3.000000 0.000000 1.000000 2.000000
4.000000 1.000000 0.000000 3.000000 2.000000
0.000000 4.000000 4.000000 3.000000 4.000000
0.000000 3.000000 4.000000 2.000000 1.000000

4
0.5032288006373814
0.000000 4.000000 0.000000 4.000000 4.000000
0.000000 1.000000 3.000000 1.000000 1.000000
3.000000 2.000000 4.000000 0.000000 4.000000
4.000000 2.000000 4.000000 0.000000 4.000000
3.000000 2.000000 0.000000 0.000000 0.000000

4
0.5032288006373814
0.000000 4.000000 2.000000 4.000000 4.000000
0.000000 1.000000 3.000000 0.000000 1.000000
3.000000 2.000000 4.000000 0.000000 4.000000
4.000000 2.000000 4.000000 0.000000 4.000000
3.000000 2.000000 0.000000 0.000000 0.000000

4
0.5073520456041608
0.000000 4.000000 2.000000 4.000000 4.000000
0.000000 1.000000 3.000000 0.000000 1.000000
3.000000 2.000000 4.000000 0.000000 4.000000
4.000000 2.000000 4.000000 0.000000 4.000000
3.000000 2.000000 0.000000 0.000000 0.000000

4
0.5185259069715228
0.000000 4.000000 2.000000 4.000000 4.000000
0.000000 0.000000 2.000000 0.000000 1.000000
3.000000 2.000000 4.000000 0.000000 4.000000
4.000000 2.000000 4.000000 0.000000 4.000000
3.000000 2.000000 0.000000 0.000000 0.000000

4
0.5185259069715228
0.000000 2.000000 2.000000 4.000000 4.000000
0.000000 0.000000 2.000000 1.000000 1.000000
3.000000 2.000000 4.000000 0.000000 4.000000
4.000000 2.000000 4.000000 0.000000 4.000000
3.000000 2.000000 0.000000 0.000000 0.000000

4
0.5445616926465716
0.000000 2.000000 2.000000 4.000000 4.000000
0.000000 0.000000 2.000000 1.000000 1.000000
3.000000 2.000000 4.000000 0.000000 4.000000
4.000000 2.000000 4.000000 0.000000 4.000000
3.000000 2.000000 0.000000 0.000000 0.000000

4
0.5812833649771554
3.000000 0.000000 0.000000 1.000000 1.000000
2.000000 3.000000 4.000000 1.000000 0.000000
1.000000 3.000000 4.000000 3.000000 0.000000
4.000000 4.000000 0.000000 3.000000 4.000000
0.000000 1.000000 0.000000 0.000000 3.000000

4
0.5812833649771554
2.000000 0.000000 0.000000 1.000000 1.000000
2.000000 3.000000 4.000000 1.000000 4.000000
1.000000 3.000000 4.000000 3.000000 0.000000
4.000000 4.000000 0.000000 3.000000 4.000000
0.000000 4.000000 0.000000 0.000000 3.000000

4
0.5812833649771554
2.000000 0.000000 0.000000 1.000000 1.000000
2.000000 3.000000 4.000000 1.000000 4.000000
1.000000 3.000000 4.000000 3.000000 0.000000
4.000000 4.000000 0.000000 3.000000 4.000000
0.000000 4.000000 0.000000 0.000000 3.000000

4
0.5812833649771554
2.000000 0.000000 0.000000 1.000000 1.000000
2.000000 3.000000 4.000000 1.000000 4.000000
1.000000 3.000000 4.000000 3.000000 0.000000
4.000000 4.000000 0.000000 3.000000 4.000000
0.000000 4.000000 0.000000 0.000000 3.000000

4
0.5812833649771554
2.000000 0.000000 0.000000 1.000000 1.000000
2.000000 3.000000 4.000000 1.000000 4.000000
1.000000 3.000000 4.000000 3.000000 0.000000
4.000000 4.000000 0.000000 3.000000 4.000000
0.000000 4.000000 0.000000 0.000000 3.000000

4
0.5812833649771554
2.000000 0.000000 0.000000 1.000000 1.000000
2.000000 3.000000 4.000000 1.000000 4.000000
1.000000 3.000000 4.000000 3.000000 0.000000
4.000000 4.000000 0.000000 3.000000 4.000000
0.000000 4.000000 0.000000 0.000000 3.000000

4
0.5812833649771554
2.000000 0.000000 0.000000 1.000000 1.000000
2.000000 3.000000 4.000000 1.000000 4.000000
1.000000 3.000000 4.000000 3.000000 0.000000
4.000000 4.000000 0.000000 3.000000 4.000000
0.000000 4.000000 0.000000 0.000000 3.000000

4
0.5830480030604771
2.000000 0.000000 0.000000 1.000000 1.000000
2.000000 3.000000 4.000000 1.000000 4.000000
1.000000 3.000000 4.000000 3.000000 0.000000
4.000000 4.000000 0.000000 3.000000 4.000000
0.000000 4.000000 0.000000 0.000000 3.000000
