Run Value_Current_Best Current_Best 25 Value_Solution_At_Iteration Solution_At_Iteration
1 0.5052359444754464 3 3 0 0 1 0 3 0 1 2 4 1 0 3 2 0 4 4 3 4 0 3 4 2 1 0.5052359444754464 0 4 0 4 4 0 1 3 1 1 3 2 4 0 4 4 2 4 0 4 3 2 0 0 0
1 0.5052359444754464 0 4 0 4 4 0 1 3 1 1 3 2 4 0 4 4 2 4 0 4 3 2 0 0 0 0.5052359444754464 0 4 0 4 4 0 1 3 1 1 3 2 4 0 4 4 2 4 0 4 3 2 0 0 0
1 0.5052359444754464 0 4 0 4 4 0 1 3 1 1 3 2 4 0 4 4 2 4 0 4 3 2 0 0 0 0.5260649068014962 0 4 0 4 4 0 1 3 1 1 3 2 4 0 4 4 2 4 0 4 3 2 0 0 0
1 0.5260649068014962 0 4 0 4 4 0 1 3 1 1 3 2 4 0 4 4 2 4 0 4 3 2 0 0 0 0.533846378326416 1 0 0 1 1 1 3 4 1 0 1 3 3 3 0 4 2 0 3 4 0 2 0 0 3
1 0.533846378326416 1 0 0 1 1 1 3 4 1 0 1 3 3 3 0 4 2 0 3 4 0 2 0 0 3 0.533846378326416 0 0 0 1 1 1 3 4 1 0 1 3 3 3 0 4 2 0 3 4 4 2 0 0 3
1 0.533846378326416 0 0 0 1 1 1 3 4 1 0 1 3 3 3 0 4 2 0 3 4 4 2 0 0 3 0.533846378326416 0 0 0 1 1 1 3 4 1 0 1 3 3 3 0 4 2 0 3 4 4 2 0 0 3
1 0.533846378326416 0 0 0 1 1 1 3 4 1 0 1 3 3 3 0 4 2 0 3 4 4 2 0 0 3 0.533846378326416 0 0 0 1 1 1 3 4 1 0 1 3 3 3 0 4 2 0 3 4 4 2 0 0 3
1 0.533846378326416 0 0 0 1 1 1 3 4 1 0 1 3 3 3 0 4 2 0 3 4 4 2 0 0 3 0.5392389978681292 0 0 0 1 1 1 3 4 1 0 1 3 3 3 0 4 2 0 3 4 4 2 0 0 3
1 0.5392389978681292 0 0 0 1 1 1 3 4 1 0 1 3 3 3 0 4 2 0 3 4 4 2 0 0 3 0.5428995404924665 0 3 4 4 3 0 1 3 3 4 3 2 4 0 3 4 2 4 0 4 3 2 0 0 4
1 0.5428995404924665 0 3 4 4 3 0 1 3 3 4 3 2 4 0 3 4 2 4 0 4 3 2 0 0 4 0.5428995404924665 0 0 0 1 0 1 3 4 1 3 1 3 3 3 0 4 2 0 3 4 4 2 0 0 3
1 0.5428995404924665 0 0 0 1 0 1 3 4 1 3 1 3 3 3 0 4 2 0 3 4 4 2 0 0 3 0.5428995404924665 0 0 0 1 0 1 3 4 1 3 1 3 3 3 0 4 2 0 3 4 4 2 0 0 3
1 0.5428995404924665 0 0 0 1 0 1 3 4 1 3 1 3 3 3 0 4 2 0 3 4 4 2 0 0 3 0.5428995404924665 0 0 0 1 0 1 3 4 1 3 1 3 3 3 0 4 2 0 3 4 4 2 0 0 3
1 0.5428995404924665 0 0 0 1 0 1 3 4 1 3 1 3 3 3 0 4 2 0 3 4 4 2 0 0 3 0.5439707211085728 0 0 0 1 0 1 3 4 1 3 1 3 3 3 0 4 2 0 3 4 4 2 0 0 3
1 0.5439707211085728 0 0 0 1 0 1 3 4 1 3 1 3 3 3 0 4 2 0 3 4 4 2 0 0 3 0.5439707211085728 0 0 1 4 3 0 0 3 3 2 3 1 4 0 3 0 2 4 0 4 3 2 0 0 4
