Run Value_Current_Best Current_Best 25 Value_Solution_At_Iteration Solution_At_Iteration
1 0.6133276511583684 3 3 0 0 1 0 3 0 1 2 4 1 0 3 2 0 4 4 3 4 0 3 4 2 1 0.7735056265361533 0 0 3 2 4 2 0 1 1 3 3 4 3 0 0 0 4 4 0 0 1 3 2 2 0
1 0.7735056265361533 0 0 3 2 4 2 0 1 1 3 3 4 3 0 0 0 4 4 0 0 1 3 2 2 0 0.7735056265361533 3 0 0 0 2 4 1 4 1 2 2 3 3 4 3 4 0 1 2 1 1 3 0 2 3
1 0.7735056265361533 3 0 0 0 2 4 1 4 1 2 2 3 3 4 3 4 0 1 2 1 1 3 0 2 3 0.7735056265361533 3 0 0 0 2 4 1 4 1 2 2 3 3 4 3 4 0 1 2 1 1 3 0 2 3
1 0.7735056265361533 3 0 0 0 2 4 1 4 1 2 2 3 3 4 3 4 0 1 2 1 1 3 0 2 3 0.7735056265361533 3 0 0 0 2 4 1 4 1 2 2 3 3 4 3 4 0 1 2 1 1 3 0 2 3
1 0.7735056265361533 3 0 0 0 2 4 1 4 1 2 2 3 3 4 3 4 0 1 2 1 1 3 0 2 3 0.7735056265361533 3 0 0 0 2 4 1 4 1 2 2 3 3 4 3 4 0 1 2 1 1 3 0 2 3
1 0.7735056265361533 3 0 0 0 2 4 1 4 1 2 2 3 3 4 3 4 0 1 2 1 1 3 0 2 3 0.7735056265361533 3 0 0 0 2 4 1 4 1 2 2 3 3 4 3 4 0 1 2 1 1 3 0 2 3
1 0.7735056265361533 3 0 0 0 2 4 1 4 1 2 2 3 3 4 3 4 0 1 2 1 1 3 0 2 3 0.8687819427962299 3 0 0 0 2 4 1 4 1 2 2 3 3 4 3 4 0 1 2 1 1 3 0 2 3
1 0.8687819427962299 3 0 0 0 2 4 1 4 1 2 2 3 3 4 3 4 0 1 2 1 1 3 0 2 3 0.8687819427962299 4 2 0 0 4 4 1 4 1 4 2 3 3 4 3 4 0 1 2 1 1 3 0 2 3
1 0.8687819427962299 4 2 0 0 4 4 1 4 1 4 2 3 3 4 3 4 0 1 2 1 1 3 0 2 3 0.8687819427962299 4 2 0 0 4 4 1 4 1 4 2 3 3 4 3 4 0 1 2 1 1 3 0 2 3
1 0.8687819427962299 4 2 0 0 4 4 1 4 1 4 2 3 3 4 3 4 0 1 2 1 1 3 0 2 3 0.8687819427962299 4 2 0 0 4 4 1 4 1 4 2 3 3 4 3 4 0 1 2 1 1 3 0 2 3
1 0.8687819427962299 4 2 0 0 4 4 1 4 1 4 2 3 3 4 3 4 0 1 2 1 1 3 0 2 3 0.8687819427962299 4 2 0 0 4 4 1 4 1 4 2 3 3 4 3 4 0 1 2 1 1 3 0 2 3
1 0.8687819427962299 4 2 0 0 4 4 1 4 1 4 2 3 3 4 3 4 0 1 2 1 1 3 0 2 3 0.8689257315443905 4 2 0 0 4 4 1 4 1 4 2 3 3 4 3 4 0 1 2 1 1 3 0 2 3
1 0.8689257315443905 4 2 0 0 4 4 1 4 1 4 2 3 3 4 3 4 0 1 2 1 1 3 0 2 3 0.8693073748240587 4 0 0 0 4 3 1 4 2 4 1 3 3 4 3 4 0 4 0 1 1 4 0 2 3
1 0.8693073748240587 4 0 0 0 4 3 1 4 2 4 1 3 3 4 3 4 0 4 0 1 1 4 0 2 3 0.8693614366165174 4 0 0 0 0 3 1 4 2 4 1 3 3 4 3 4 0 4 0 1 1 4 0 2 3
