 Run	    Fitness	                                                                                                                                                                                                Solution
   1	        267	0032189c003219000032190000321900003219000032189c003219000019190000191900003219000032189c003219000019190000191900003219000032189c003219000019190000191900003219000032189c0032189c003219000032190000321900
   1	        260	00321900001919000019190000191900001919000000000000191900001919000019190000191900000000000000000000191900001919000019190000000000000000000000000000191900001919000000000000000000000000000000000000191900
   1	        256	00000000001919000019190000191900000000000000000000191900001919000019190000000000000000000019190000191900001919000019190000000000001919000019190000191900000000000000000000191900001919000019190000000000
   1	        153	003219000032190000191900001919000032189c003219000019190000191900001919000032189c003219000019190000191900001919000032189c003219000019190000191900001919000032189c003219000032190000191900001919000032189c
   1	         94	003219000019190000191900001919000019190000321900001919000019190000191900001919000032189c001919000019190000191900001919000032189c0032189c0019190000191900001919000032189c0032189c0032189c0032189c0032189c
   1	          0	00321900001919000032189c0032189c0032189c00001900000019000032189c0032189c0032189c00001900000019000032189c0032189c0032189c00001900000019000032189c0032189c0032189c00321900000019000032189c0032189c0032189c
   2	        273	0032189c0032189c0032190000321900003219000032189c003219000032190000321900003219000032189c003219000019190000321900003219000032189c003219000032190000321900003219000032189c00321900003219000032190000321900
   2	        271	0032189c003219000032190000321900003219000032189c003219000032190000321900003219000032189c003219000019190000321900003219000032189c003219000032190000321900003219000032189c00321900003219000032190000321900
   2	        221	00001900000019000032190000321900003219000000190000321900003219000032190000321900003219000032190000321900003219000032190000321900003219000032190000321900003219000032190000321900003219000032190000321900
   2	        217	001919000032190000321900003219000032190000191900001919000032189c0032189c0032189c001919000032189c0032189c0032189c0032189c00191900001919000032189c0032189c0032189c00191900001919000032189c0032189c0032189c
   2	        212	00000000001919000019190000191900001919000000000000000000001919000019190000191900000000000000000000191900000000000000000000000000000000000000000000000000000000000000000000000000000000000000000000000000
   2	         76	0032189c0032189c0032189c0032189c0032189c0032189c0032189c00191900001919000032189c0032189c0032189c00191900001919000032189c0032189c0032189c00191900001919000032189c0032189c0032189c0032189c0032189c0032189c
   3	        271	0032189c003219000032190000321900003219000032189c003219000032190000321900003219000032189c003219000019190000321900003219000032189c003219000032190000321900003219000032189c0032189c003219000032190000321900
   3	        270	0032189c0032189c0032189c0032189c0032189c0032189c0032189c0032190000321900003219000032189c003219000032190000321900003219000032189c003219000032190000321900003219000032189c00321900003219000032190000321900
   3	        258	00000000000000000000000000000000000000000000000000191900001919000019190000000000001919000019190000191900001919000019190000191900001919000019190000191900001919000000000000191900001919000019190000000000
   3	        225	0032189c001919000032190000191900001919000032189c00191900001919000019190000191900003219000032190000191900001919000019190000321900003219000019190000191900001919000032190000321900003219000019190000191900
   3	        210	0032189c003219000032190000321900003219000032189c003219000032190000321900003219000032189c003219000032190000321900003219000032189c003219000032190000321900003219000032189c00321900003219000032190000321900
   3	        115	0032189c0032189c0032189c0032189c0032189c0032189c0032189c00321900003219000032189c0032189c0032189c00191900003219000032189c0032189c0032189c00321900003219000032189c0032189c0032189c0032189c0032189c0032189c
   4	        271	00191900001919000019190000191900001919000019190000191900001919000019190000191900001919000019190000191900001919000019190000191900001919000019190000191900001919000019190000191900001919000019190000191900
   4	        269	0032189c0032189c0032190000321900003219000032189c003219000032190000321900003219000032189c003219000032190000321900003219000032189c003219000032190000321900003219000032189c0032189c0032189c003219000032189c
   4	        266	00000000003219000032190000191900001919000000000000191900001919000019190000191900000000000019190000191900001919000019190000000000001919000019190000191900001919000000000000191900001919000019190000191900
   4	        229	0032189c0032189c0032189c0032189c0032189c0032190000321900003219000032190000321900003219000032190000321900003219000032190000321900003219000032190000321900003219000032190000321900003219000032190000321900
   4	        209	0032189c000000000032190000321900003219000032189c003219000032190000321900003219000032189c003219000032190000321900003219000032189c003219000032190000321900003219000032189c00321900003219000032190000321900
   5	        273	00321900003219000019190000191900001919000032190000321900003219000019190000191900003219000032190000191900001919000019190000321900003219000032190000191900001919000032190000321900001919000019190000191900
   5	        260	00191900001919000019190000191900001919000000000000191900001919000019190000191900000000000000000000191900001919000019190000000000001919000019190000191900001919000019190000191900001919000019190000191900
   5	        226	00191900001919000019190000001900000019000019190000191900001919000019190000191900001919000019190000000000001919000019190000191900001919000019190000191900001919000019190000191900001919000019190000191900
   5	        100	00000000003219000032190000321900003219000000000000321900003219000032190000321900000000000032190000321900003219000032190000000000003219000032190000321900003219000000000000321900003219000032190000321900
   5	         77	00000000000000000000000000000000000000000000000000000000000000000000000000000000000000000000000000321900003219000000000000000000000000000000000000000000000000000000000000000000000000000000000000000000
   5	         74	00000000003219000032190000321900003219000000000000321900003219000032190000321900000000000032190000321900003219000032190000000000000000000032190000321900003219000000000000000000000000000000000000000000
   6	        259	00000000000000000000000000000000000000000000000000191900001919000019190000000000000000000019190000191900001919000000000000000000001919000019190000191900000000000000000000000000000000000000000000000000
   6	        232	00321900001919000019190000191900001919000000000000191900001919000019190000191900000000000000000000191900001919000019190000000000000000000019190000191900001919000000000000000000000000000019190000191900
   6	        129	00321900001919000019190000191900001919000032190000191900001919000019190000191900003219000019190000191900001919000019190000321900001919000019190000191900001919000032190000191900001919000019190000191900
   6	         61	00321900003219000032190000321900001919000032190000321900003219000032190000191900003219000032190000191900003219000019190000321900003219000032190000321900001919000032190000321900003219000032190000191900
   6	          4	0032189c0032189c0032189c0032189c0032189c0032189c0032189c0032189c0032189c0032189c0032189c0032189c000000000032189c001919000032189c0032189c0032189c0032189c0032189c0032189c0032189c0032189c0032189c0032189c
   6	          2	00321900003219000000190000001900000019000019190000001900000019000000190000001900001919000000190000001900000019000000190000191900000019000000190000001900000019000032190000001900000019000000190000001900
   7	        252	00191900001919000019190000191900001919000000190000191900001919000019190000191900000019000019190000191900001919000019190000001900000019000019190000191900001919000000190000001900000019000019190000191900
   7	        199	00191900001919000019190000191900001919000019190000191900001919000019190000191900001919000019190000191900001919000019190000000000001919000019190000191900001919000000000000191900001919000019190000191900
   7	        182	00000000000000000000000000000000000000000000000000000000001919000000000000000000000000000000000000191900001919000000000000000000000000000019190000000000000000000000000000000000000000000000000000000000
   7	        157	00321900003219000032190000191900001919000032190000321900003219000019190000191900003219000032190000191900001919000019190000321900003219000032190000191900001919000032190000321900003219000019190000191900
   7	          8	00321900003219000032189c0032189c0000000000321900003219000032189c0032189c0000000000321900003219000032189c0032189c0000000000321900003219000032189c0032189c0000000000321900003219000032189c0032189c00000000
   7	          0	00000000000000000000000000000000000000000000000000000000001919000000000000000000000000000000000000191900000000000000000000000000000000000000000000000000000000000000000000000000000000000000000000000000
   8	        256	001919000019190000191900001919000019190000191900001919000019190000191900001919000000190000191900000000000019190000191900000019000032189c001919000019190000191900000019000032189c0032189c0019190000191900
   8	        245	00000000000000000019190000191900001919000019190000191900001919000019190000191900001919000019190000191900001919000019190000191900001919000019190000191900001919000019190000191900001919000019190000191900
   8	        217	00001900000019000000190000321900000019000000190000000000003219000032190000321900000019000032190000321900003219000032190000001900003219000032190000321900003219000000190000321900003219000032190000321900
   8	        209	00000000001919000019190000191900001919000019190000191900001919000019190000191900001919000019190000191900001919000019190000191900001919000019190000191900001919000019190000191900001919000019190000191900
   8	          8	00191900001919000032189c0032189c0032189c000000000032189c0032189c0032189c0032189c000000000032189c0032189c0032189c0032189c00000000000000000000000000000000000000000000000000000000000000000000000000000000
   8	          2	00001900000019000000190000001900000019000000190000001900000019000000190000001900000019000000190000321900000019000000190000001900000019000000190000001900000019000000190000001900000019000000190000001900
   9	        265	0032189c0032189c0000190000001900000019000019190000191900001919000019190000191900001919000019190000191900001919000019190000191900001919000019190000191900001919000019190000191900001919000019190000191900
   9	        263	00000000001919000019190000191900001919000000000000191900001919000019190000191900000000000019190000191900001919000019190000000000001919000019190000191900000000000000000000000000000000000000000000000000
   9	        253	00000000001919000019190000191900003219000019190000191900001919000019190000191900001919000019190000191900001919000019190000191900001919000019190000191900001919000019190000191900001919000019190000191900
   9	          3	001919000019190000191900001919000032189c000019000019190000191900001919000032189c000019000032189c000000000032189c0032189c000019000032189c0032189c0032189c0032189c000019000032189c0032189c0032189c0032189c
   9	          1	00321900000019000000190000001900000019000000190000001900000019000000190000001900000019000000190000001900000019000000190000001900000019000000190000001900000019000000190000001900000019000000190000001900
   9	        -76	00321900003219000032189c0032189c0032189c0032190000321900000019000032189c0032189c003219000000190000001900000019000032189c003219000000190000001900000019000032189c0032190000001900000019000032189c0032189c
  10	        270	00321900003219000032190000321900003219000032190000191900001919000019190000321900001919000019190000191900001919000019190000191900001919000019190000191900001919000019190000191900001919000019190000191900
  10	        265	00000000000000000032189c0032189c0032189c0000000000191900001919000019190000191900001919000019190000191900001919000019190000191900001919000019190000191900001919000019190000191900001919000019190000191900
  10	        259	00321900000019000000190000001900000019000019190000001900000019000000190000001900001919000019190000001900000019000000190000191900001919000000190000001900000019000019190000191900000019000000190000001900
  10	        255	0032189c000019000000190000001900000019000032189c00191900001919000019190000191900001919000019190000191900001919000019190000191900001919000019190000191900001919000019190000191900001919000019190000191900
  10	        249	0032190000321900003219000032190000321900003219000032190000000000000000000000000000321900000000000000000000000000000000000032189c000000000000000000000000000000000000000000000000000000000000000000000000
  10	        216	0032189c0032189c0019190000191900001919000019190000191900001919000019190000191900001919000019190000191900001919000019190000191900001919000019190000191900001919000019190000191900001919000019190000191900
  11	        271	0032189c000019000000190000001900000019000019190000191900001919000019190000191900001919000019190000191900001919000019190000191900001919000019190000191900001919000019190000191900001919000019190000191900
  11	        270	0032189c0032189c0032189c0032189c0032189c0032189c0032189c001919000019190000191900001919000019190000191900001919000019190000191900001919000019190000191900001919000019190000191900001919000019190000191900
  11	        268	000000000032189c0032189c0032189c0032189c0032189c00191900001919000019190000191900001919000019190000191900001919000019190000191900001919000019190000191900001919000019190000191900001919000019190000191900
  11	        211	00000000000000000000000000000000000000000000000000191900001919000000000000000000001919000019190000191900001919000019190000191900001919000019190000191900001919000019190000191900001919000019190000191900
  11	        209	00321900003219000032190000321900003219000032190000321900003219000032190000321900003219000032190000321900003219000032190000321900003219000032190000321900003219000032190000321900003219000032190000321900
  11	          0	00191900000000000000000000000000000000000019190000000000000000000000000000000000001919000000000000000000000000000000000000191900000000000000000000000000000000000019190000000000000000000000000000000000
  12	        273	00001900000019000032190000321900003219000019190000321900003219000032190000321900003219000032190000321900003219000032190000191900001919000000000000191900001919000019190000000000000000000000000000191900
  12	        265	00321900003219000032190000321900003219000019190000191900001919000019190000191900001919000019190000191900001919000019190000191900001919000019190000191900001919000019190000191900001919000019190000191900
  12	        254	0032189c001919000019190000191900001919000019190000191900001919000019190000191900001919000019190000191900001919000019190000191900001919000019190000191900001919000019190000191900001919000019190000191900
  12	        198	00000000000000000000000000000000000000000019190000000000000000000000000000000000001919000000000000000000000000000000000000321900000000000000000000000000000000000032190000321900000000000000000000000000
  12	          4	0032189c0032189c0032189c0032189c0032189c0032189c0032189c0032189c0032189c0032189c00191900001919000032189c0032189c0032189c00191900001919000032189c0032189c0032189c00191900001919000032189c0032189c0032189c
  12	          2	00001900000019000000190000001900000019000000190000001900001919000019190000001900000019000032189c0032189c0032189c00001900000019000032189c0032189c0032189c00001900000019000032189c0032189c0032189c0032189c
  13	        271	00001900003219000032190000321900003219000019190000321900003219000032190000321900001919000019190000321900003219000032190000191900001919000019190000191900001919000019190000191900001919000019190000191900
  13	        269	00321900003219000032190000321900003219000032190000321900003219000032190000321900003219000032190000321900003219000032190000191900001919000019190000191900001919000019190000191900001919000019190000191900
  13	        265	003219000032190000191900001919000019190000321900003219000019190000191900001919000032189c0032190000191900001919000019190000321900003219000019190000191900001919000032190000321900001919000019190000191900
  13	        262	00001900000019000000190000001900000019000019190000191900001919000019190000191900001919000019190000191900001919000019190000000000000000000000000000000000001919000000000000000000000000000000000000000000
  13	        247	00000000000000000019190000321900003219000000000000191900001919000032190000321900000000000019190000191900003219000032190000000000000000000000000000191900001919000000000000000000000000000000000000000000
  13	          1	00001900001919000019190000191900001919000019190000000000000000000000000000000000000000000000000000000000000000000000000000000000000000000000000000000000000000000000000000000000000000000000000000000000
  14	        269	000019000032189c0032189c0032189c0032189c00191900001919000032189c0032189c0032189c0019190000191900001919000032189c0032189c00191900001919000019190000191900001919000019190000191900001919000019190000191900
  14	        265	00321900003219000032190000321900003219000032190000321900003219000032190000321900003219000032190000321900003219000032190000321900003219000032190000321900003219000019190000191900001919000019190000191900
  14	        255	000019000032189c0032189c0032189c0032189c0000190000321900003219000032190000321900000019000032190000321900003219000032190000001900003219000032190000321900003219000000190000001900003219000032190000321900
  14	        151	0032189c0032189c0032189c00191900001919000032189c0032189c0032189c0032189c001919000032189c0032189c0032189c0032189c001919000032189c0032189c0032189c00191900001919000032189c0032189c001919000019190000191900
  14	        150	00001900000019000000190000321900003219000032190000321900003219000032190000321900003219000032190000321900003219000032190000321900003219000032190000321900003219000032190000321900003219000032190000321900
  14	          2	0032189c0032189c0019190000191900001919000032189c0032189c0032189c00191900001919000032189c0032189c0032189c0032189c0032189c0032189c0032189c0032189c0032189c0032189c0032189c0032189c0032189c0032189c0032189c
  15	        273	0032189c0032189c0032189c00001900000019000032189c0032189c0032189c0000190000001900001919000019190000191900000019000000190000191900001919000019190000191900001919000019190000191900001919000019190000191900
  15	        272	00001900000019000000190000001900000019000032190000321900003219000032190000321900003219000032190000321900003219000032190000191900001919000019190000191900001919000019190000191900001919000019190000191900
  15	        272	000019000032189c0032189c0032189c0032189c0032190000321900003219000032190000321900003219000032190000321900003219000032190000321900003219000032190000321900003219000019190000191900001919000019190000191900
  15	        158	00001900000019000000190000001900000019000019190000001900000019000000190000001900001919000019190000191900000019000000190000191900001919000019190000001900000019000019190000191900001919000000190000001900
  15	         39	00191900001919000019190000191900003219000019190000191900001919000032190000321900001919000019190000321900003219000032190000191900001919000032190000321900003219000019190000191900003219000032190000321900
  15	          4	00001900000019000000190000001900000019000000190000001900000019000000190000001900000019000000190000001900000019000000190000191900000019000000190000001900000019000019190000191900000019000000190000001900
  16	        205	000019000032189c0032189c0032189c0032189c0032190000321900003219000032190000321900003219000032190000321900003219000032190000321900003219000032190000321900003219000032190000321900003219000032190000321900
  16	        141	00001900000019000032190000321900003219000032190000321900003219000032190000321900003219000032190000321900003219000032190000321900003219000032190000321900003219000032190000321900003219000032190000321900
  16	        129	00001900000019000000190000001900000019000032190000321900003219000032190000321900003219000032190000321900003219000032190000321900003219000032190000321900003219000032190000321900003219000032190000321900
  16	          9	00001900000019000000190000001900000019000032190000321900000019000000190000001900003219000032190000001900000019000000190000321900003219000000190000001900000019000032190000321900000019000000190000001900
  16	          8	0032189c000019000000190000001900000019000032189c00001900000019000000190000001900003219000000190000001900000019000000190000321900000019000000190000001900000019000032190000321900000019000000190000001900
  16	        -67	00000000000000000000000000000000000000000000000000000000000000000000000000000000003219000000000000000000000000000000000000321900000000000000000000000000000000000032190000321900000000000000000000000000
  17	        270	00191900000019000000190000001900001919000019190000001900000019000000190000191900001919000000190000001900000019000019190000191900001919000019190000191900001919000019190000191900001919000019190000191900
  17	        238	00001900000019000000190000001900000019000032190000321900003219000032190000001900003219000032190000321900003219000032190000321900003219000032190000321900003219000032190000321900003219000032190000321900
  17	        152	0032189c001919000019190000191900001919000032190000321900003219000019190000191900003219000032190000321900003219000032190000321900003219000032190000321900003219000000190000001900003219000032190000321900
  17	         71	00321900003219000032190000321900003219000032190000321900003219000032190000321900003219000032190000000000003219000032190000321900003219000032190000321900003219000032190000321900003219000032190000321900
  17	          6	00321900001919000019190000191900001919000000190000001900001919000000190000001900000019000000190000001900000019000000190000001900000019000000190000001900000019000000190000001900000019000000190000001900
  17	          1	00321900003219000000190000001900000019000032189c0032189c0032189c00001900000019000032189c0032189c0032189c0032189c0032189c0032189c0032189c0032189c0032189c0032189c0032189c0032189c0032189c0032189c0032189c
  18	        272	00191900001919000019190000191900001919000019190000001900003219000019190000191900001919000032190000321900001919000019190000191900001919000019190000191900001919000019190000191900001919000019190000191900
  18	        255	00001900000019000000190000001900000019000032190000321900000019000000190000001900003219000032190000321900003219000000190000321900003219000032190000321900003219000032190000321900003219000032190000321900
  18	        172	00191900000000000000000000000000000000000019190000191900000000000000000000000000001919000032190000321900003219000000000000321900003219000032190000321900000000000032190000321900003219000032190000321900
  18	        168	00321900003219000032190000321900003219000032190000321900003219000032190000321900003219000032190000191900003219000032190000321900003219000019190000321900003219000032190000321900003219000032190000321900
  18	        110	00321900003219000032190000321900003219000032190000000000000000000000000000321900000000000000000000000000000000000000000000000000000000000000000000000000000000000000000000000000000000000000000000000000
  18	          2	00191900000019000000190000001900001919000000190000001900000019000000190000001900000019000000190000001900000019000000190000001900000019000000190000001900000019000000190000001900000019000000190000001900
  19	        262	00191900001919000019190000191900001919000019190000191900001919000019190000191900001919000019190000000000001919000019190000191900001919000000000000191900001919000019190000191900001919000019190000191900
  19	        257	00191900001919000000190000191900001919000019190000321900003219000032190000191900003219000032190000321900003219000032190000191900003219000032190000321900001919000019190000321900003219000032190000191900
  19	        252	00191900001919000019190000191900001919000019190000321900003219000032190000191900003219000032190000321900003219000032190000191900003219000032190000321900001919000019190000191900003219000019190000191900
  19	        247	00001900000019000000190000001900000019000032190000001900000019000000190000001900003219000032190000321900000019000000190000321900003219000032190000321900000019000032190000321900003219000032190000321900
  19	        191	00000000000000000000000000000000000000000032190000321900003219000032190000321900003219000032190000321900003219000032190000321900003219000032190000321900003219000032190000321900003219000032190000321900
  19	        153	00191900001919000019190000191900001919000019190000321900003219000032190000191900003219000032190000321900003219000019190000321900003219000032190000321900003219000032190000321900003219000032190000191900
  20	        273	0032189c0032189c0032189c0032189c0032189c0032189c0019190000191900001919000032189c001919000019190000191900001919000019190000191900001919000019190000191900001919000032189c0019190000191900001919000032189c
  20	        268	00191900001919000019190000191900001919000019190000191900001919000019190000191900001919000019190000321900001919000019190000191900001919000019190000191900001919000019190000191900001919000019190000191900
  20	        208	003219000032190000321900003219000032190000321900003219000032190000321900003219000032189c003219000032190000321900003219000032189c0032189c0032189c00321900003219000032189c0032189c0032189c0032189c00321900
  20	        196	00191900001919000019190000191900001919000019190000191900001919000019190000191900001919000019190000000000001919000019190000191900001919000019190000191900001919000019190000191900001919000019190000191900
  20	        189	00321900003219000032190000321900003219000032190000321900003219000032190000321900003219000000000000000000000000000032190000000000000000000000000000000000000000000000000000000000000000000000000000000000
  20	          4	0032189c0032189c0032189c0032189c0032189c0032189c0032189c000000000032189c0032189c0032189c0019190000000000001919000032189c0032189c0032189c001919000032189c0032189c0032189c0032189c0032189c0032189c0032189c
  21	        271	00191900001919000019190000001900000019000019190000191900001919000019190000191900001919000019190000191900001919000019190000191900001919000019190000191900001919000019190000191900001919000019190000191900
  21	        269	00191900001919000019190000191900001919000019190000191900001919000019190000191900001919000019190000191900001919000019190000191900001919000019190000191900001919000019190000191900001919000019190000001900
  21	        243	00191900001919000019190000001900000019000019190000191900001919000019190000001900001919000019190000191900001919000019190000191900001919000019190000191900001919000000000000191900001919000019190000000000
  21	        226	0032189c003219000032190000321900003219000032190000321900003219000032190000321900003219000032190000321900003219000032190000321900003219000032190000321900003219000032190000321900003219000032190000321900
  21	        202	00321900000019000000190000001900000019000032190000191900001919000000190000001900000000000019190000191900001919000000190000000000001919000019190000191900000019000000000000321900001919000019190000001900
  21	         92	00321900003219000032190000321900003219000032190000321900003219000032190000321900003219000032190000321900003219000032190000321900003219000032190000321900003219000000000000000000000000000000000000000000
  22	        269	00191900001919000019190000191900001919000000190000321900003219000032190000321900003219000032190000321900003219000032190000321900003219000032190000321900003219000032190000321900003219000032190000321900
  22	        253	00321900001919000019190000001900000019000019190000191900001919000019190000191900001919000019190000191900001919000019190000191900001919000019190000191900001919000019190000191900001919000019190000191900
  22	        235	0032189c0032189c001919000032189c0032189c0019190000191900001919000019190000191900001919000019190000191900001919000019190000191900001919000019190000191900001919000000000000191900001919000019190000000000
  22	         72	00000000000000000000000000000000000000000000000000000000000000000000000000000000000000000000000000000000003219000000000000000000000000000000000000000000000000000000000000000000000000000000000000000000
  22	         22	00321900003219000000190000001900000019000032190000001900000019000000190000001900003219000000000000001900000019000000190000321900000000000000190000001900000019000032190000000000000019000000190000001900
  22	          6	00321900003219000032189c0032189c0032189c0032190000321900001919000019190000191900003219000032190000001900001919000019190000321900003219000019190000191900001919000032190000321900003219000019190000191900
  23	        260	000019000032189c0032189c0032189c0032189c000019000032189c0032189c0032189c0032189c000019000032190000321900003219000032189c00001900003219000032190000321900003219000000190000001900003219000032190000321900
  23	        252	00321900003219000032190000321900003219000032190000321900003219000032190000321900001919000032190000321900003219000019190000191900001919000019190000191900001919000019190000191900001919000019190000191900
  23	         50	00191900001919000019190000191900001919000019190000191900001919000019190000191900001919000032189c0032189c0032189c00191900001919000032189c0032189c0032189c001919000032189c0032189c0032189c0032189c0032189c
  23	         48	0032189c0032189c0032189c0032189c0032189c0032189c0032190000321900003219000032189c003219000032190000321900003219000032190000321900003219000032190000321900003219000032190000321900003219000032190000321900
  23	          3	00191900001919000019190000191900001919000032189c0032189c0032189c0032189c0032189c0032189c0032189c0032189c0032189c0032189c0032189c0032189c0032189c0032189c0032189c0032189c0032189c0032189c0032189c0032189c
  23	         -1	00000000000019000000190000001900000019000000000000000000000019000000190000001900000000000000000000191900000019000000190000000000000000000000000000000000000000000000000000000000000000000000000000000000
  24	        268	000000000032189c0032189c0032189c000000000000000000191900001919000019190000000000001919000019190000321900001919000019190000191900001919000019190000191900001919000019190000191900001919000019190000191900
  24	        254	00321900003219000032190000321900003219000032190000321900003219000032190000321900003219000032190000321900003219000032190000321900003219000032190000321900003219000032190000191900001919000019190000321900
  24	        246	00191900003219000032190000321900001919000019190000321900003219000032190000191900001919000019190000321900001919000019190000191900001919000019190000191900001919000019190000191900001919000019190000191900
  24	        181	000019000032189c0032189c0032189c0032189c0032190000321900003219000032189c0032189c003219000032190000000000003219000032189c00321900003219000032190000321900003219000032190000321900003219000032190000321900
  24	          5	001919000019190000191900001919000019190000191900001919000019190000191900001919000032189c0032189c0032189c0032189c0032189c0032189c0032189c0032189c0032189c0032189c0032189c0032189c0032189c0032189c0032189c
  24	        -59	00001900000019000000000000000000000000000000190000001900000000000000000000000000000019000000190000000000000000000000000000001900000019000000000000000000000000000032190000001900000000000000000000000000
  25	        270	0032189c0032189c0032189c0032189c0032189c0000190000321900003219000032190000001900000019000032190000321900003219000000190000001900001919000019190000191900000019000000190000191900001919000019190000001900
  25	        264	000000000032189c0032189c0032189c000000000032189c0032189c0032189c0032189c0032189c001919000019190000191900001919000019190000191900001919000019190000191900001919000019190000191900001919000019190000191900
  25	        252	00000000000000000000000000000000000000000000000000000000001919000000000000000000001919000019190000191900001919000019190000191900001919000019190000191900001919000019190000191900001919000019190000191900
  25	        115	00001900003219000032190000321900003219000000190000321900003219000032190000321900000000000000000000000000000000000032190000000000000000000000000000000000000000000000000000000000000000000000000000000000
  25	         30	00000000000000000000000000000000000000000000190000001900000019000000190000001900000019000032190000321900003219000000190000001900000019000032190000001900000019000000190000001900000019000000190000001900
  25	          2	00191900001919000032189c0032189c0032189c001919000032189c0032189c0032189c0032189c001919000032189c0032189c0032189c0032189c001919000032189c0032189c0032189c0032189c00191900001919000032189c0032189c0032189c
  26	        256	00000000000000000000000000000000000000000000000000191900001919000019190000191900001919000019190000191900001919000019190000191900001919000019190000191900001919000019190000191900001919000019190000191900
  26	        225	00001900000019000000190000001900000019000000190000001900003219000032190000001900000019000000190000321900003219000000190000001900000019000032190000321900000019000000190000001900000019000000190000001900
  26	        219	00191900001919000019190000191900001919000000000000191900001919000019190000000000000000000000000000000000000000000000000000000000000000000000000000000000000000000000000000000000000000000000000000000000
  26	         76	00000000000000000000190000001900000019000000000000191900001919000019190000001900000000000019190000191900001919000000190000000000000019000019190000191900000019000000000000000000000019000000190000001900
  26	          2	000000000032190000321900000019000000000000321900003219000032189c0032189c0032189c00321900003219000032189c0032189c0032189c00321900003219000032189c0032189c0032189c00000000003219000032189c0032189c00000000
  26	          1	00191900000019000000190000001900000019000000190000001900000019000000190000001900000019000000190000001900000019000000190000001900000019000000190000001900000019000000190000001900000019000000190000001900
  27	        270	00001900001919000019190000191900001919000000190000191900001919000019190000191900000019000019190000191900001919000019190000001900001919000019190000191900001919000000190000191900001919000019190000191900
  27	        249	00000000000000000019190000191900001919000000000000191900001919000019190000191900001919000019190000191900001919000019190000191900001919000019190000191900001919000019190000191900001919000019190000191900
  27	        219	00000000000000000000000000000000000000000000000000000000000000000000000000000000000000000000000000191900001919000019190000000000000000000000000000191900001919000000000000000000000000000019190000191900
  27	        142	00000000000000000000000000000000001919000000190000000000000000000000000000191900000019000000000000000000000000000019190000001900000019000000000000001900001919000000190000001900000019000000190000191900
  27	         60	00321900001919000019190000191900000000000032190000191900001919000019190000191900003219000019190000191900001919000019190000321900001919000019190000191900001919000032190000191900001919000019190000191900
  27	          0	00000000000000000000000000000000000000000000000000000000000000000000000000000000000000000000000000191900000000000000000000000000000000000000000000000000000000000000000000000000000000000000000000000000
  28	        266	00191900001919000019190000191900000019000019190000191900001919000019190000191900001919000019190000191900001919000019190000191900001919000019190000191900001919000019190000191900001919000019190000001900
  28	        254	00321900003219000019190000191900001919000032190000321900001919000019190000191900003219000032190000191900001919000019190000321900003219000019190000191900001919000032190000321900001919000019190000191900
  28	        219	00000000000000000000000000000000000000000000000000000000000000000019190000000000000000000000000000191900001919000019190000000000000000000000000000000000000000000000000000000000000000000000000000000000
  28	        210	00000000000000000000000000000000000000000000000000000000000000000000000000000000000000000019190000191900001919000000000000000000000000000019190000191900000000000000000000000000000000000000000000000000
  28	        135	00001900000019000032190000001900000019000032190000321900003219000032190000321900003219000032190000321900003219000032190000321900003219000032190000321900003219000032190000321900003219000032190000321900
  28	         -4	00321900003219000032189c0032189c0032189c00321900003219000032189c0032189c0032189c000000000032189c0032189c0032189c0032189c00000000000000000032189c0032189c000000000000000000000000000000000000000000000000
  29	        281	00191900001919000019190000191900001919000000000000191900001919000019190000191900000000000000000000000000000000000000000000000000000000000000000000000000000000000000000000000000000000000000000000000000
  29	        260	00000000000000000032190000321900003219000000000000001900003219000032190000321900000019000000190000321900003219000032190000001900000019000032190000321900003219000000190000001900003219000032190000321900
  29	        253	00001900000019000019190000191900001919000000190000001900001919000019190000191900000000000019190000191900001919000019190000001900000019000019190000191900001919000000190000001900001919000019190000191900
  29	        131	00000000000019000000190000001900000019000000000000321900003219000032190000001900000000000032190000321900003219000000190000000000003219000032190000321900000019000000000000001900000019000000190000001900
  29	          4	0032189c000019000000190000001900000019000019190000001900000019000000190000001900001919000019190000191900000019000000190000191900000019000000190000001900000019000019190000001900000019000000190000001900
  29	          1	001919000032189c0032189c0032189c00000000001919000032189c0032189c0032189c00000000001919000032189c0032189c0032189c00000000001919000032189c0032189c0032189c0000000000001900001919000032189c0032189c00000000
  30	        268	0032189c001919000019190000191900001919000032189c001919000019190000191900001919000032189c0032189c00191900001919000019190000000000000000000000000000000000000000000000000000000000000000000000000000000000
  30	        254	00000000001919000019190000191900001919000000000000191900001919000019190000191900000000000019190000191900001919000019190000000000001919000019190000191900001919000000000000191900001919000019190000191900
  30	        209	00000000001919000019190000191900001919000000000000000000001919000019190000000000000000000000000000000000000000000000000000000000000000000000000000000000000000000000000000000000000000000000000000000000
  30	        197	00000000000000000019190000191900001919000000000000000000000000000000000000000000000000000000000000000000000000000000000000000000000000000000000000000000000000000000000000000000000000000000000000000000
  30	         93	00321900001919000019190000191900001919000000000000191900001919000019190000191900000000000000000000191900000000000000000000000000000000000000000000000000000000000000000000000000000000000000000000000000
  30	         14	0032189c0032189c0032189c0032189c0032189c0032189c0032189c001919000032189c0032189c000000000000000000000000000000000000000000000000000000000000000000000000000000000000000000000000000000000000000000000000
  31	        266	00191900001919000019190000191900001919000000190000191900001919000019190000191900000019000019190000191900001919000019190000001900000019000019190000191900001919000000190000001900000019000000190000001900
  31	        209	00191900001919000019190000191900001919000019190000191900001919000019190000191900001919000019190000191900001919000019190000191900001919000019190000191900001919000032189c00191900001919000019190000191900
  31	        196	00001900000019000000190000001900001919000032189c000019000000190000001900001919000032189c0032189c0032190000321900003219000032189c0032189c0032190000321900003219000032189c0032189c0032189c0032189c00321900
  31	        142	00191900001919000019190000191900001919000032190000191900001919000019190000191900003219000032190000321900001919000019190000321900003219000032190000321900001919000000000000000000000000000000000000000000
  31	         80	000019000032189c0019190000191900001919000032189c0032189c0032189c00191900001919000032189c0032189c0032189c0032189c0032189c00000000000000000000000000000000000000000000000000000000000000000000000000000000
  31	          4	00001900001919000019190000191900001919000000190000191900001919000019190000191900000019000000190000191900001919000000190000001900000019000000190000001900000019000000190000001900000019000000190000001900
  32	        271	0019190000191900001919000019190000191900001919000019190000191900001919000019190000191900001919000019190000191900001919000032189c001919000019190000191900001919000032189c00191900001919000019190000191900
  32	        269	001919000000000000000000000000000000000000191900001919000032189c0032189c000000000019190000321900000019000032189c0032189c00191900001919000032189c0032189c0032189c0019190000191900001919000032189c0032189c
  32	        268	00191900001919000019190000191900001919000019190000191900001919000019190000191900001919000032190000321900003219000019190000000000003219000032190000321900000000000032190000321900003219000032190000321900
  32	        265	0019190000191900001919000019190000191900001919000019190000191900001919000019190000191900001919000019190000191900001919000032189c001919000019190000191900001919000032189c0032189c001919000019190000191900
  32	         64	00191900001919000019190000191900001919000019190000191900001919000019190000191900000000000019190000191900001919000019190000000000000000000019190000191900001919000000000000000000000000000000000000000000
  32	          8	00191900001919000019190000191900001919000019190000191900001919000019190000191900000019000019190000191900001919000019190000001900000019000000190000001900000019000000190000001900000019000000190000001900
  33	        187	0032189c0032189c0032189c0032189c0032189c0032190000321900001919000019190000191900003219000032190000000000003219000032190000321900003219000032190000321900003219000032190000321900003219000032190000321900
  33	         41	0032189c001919000019190000191900001919000032190000191900001919000019190000191900003219000032190000191900001919000019190000321900003219000019190000191900001919000032190000321900001919000019190000191900
  33	          4	00191900001919000032189c0032189c0032189c001919000032189c0032189c0032189c0032189c001919000032189c0032189c0032189c0032189c001919000032189c0032189c0032189c0032189c001919000032189c0032189c0032189c0032189c
  33	          3	00191900001919000019190000191900001919000019190000191900001919000032189c0032189c0032189c0032189c0032189c0032189c0032189c0032189c0032189c0032189c0032189c0032189c0032189c0032189c0032189c0032189c0032189c
  33	          2	00191900001919000019190000191900001919000032189c0032189c0032189c00191900001919000032189c0032189c000000000032189c0032189c0032189c0032189c0032189c0032189c0032189c0032189c0032189c0032189c0032189c0032189c
  33	        -25	0032189c0032189c00191900001919000032189c003219000032189c0032189c001919000032189c00321900003219000032189c0032189c0032189c0032190000321900003219000032189c0032189c0032190000321900003219000032189c0032189c
  34	        276	00000000000000000019190000191900001919000000000000000000001919000019190000191900000000000000000000191900001919000019190000000000003219000019190000191900001919000032190000321900003219000019190000191900
  34	        260	00000000000000000032189c0032189c0032189c000000000032189c0032189c0032189c0032189c000000000032190000321900003219000032190000321900003219000032190000321900003219000032190000321900003219000032190000321900
  34	        246	0032189c003219000032190000321900003219000032190000321900003219000032190000321900003219000032190000321900003219000032190000191900003219000032190000321900003219000019190000191900003219000032190000321900
  34	        125	00001900000019000000190000001900000019000000190000001900000019000000190000001900000019000000190000001900000019000019190000321900003219000032190000321900001919000032190000321900003219000032190000321900
  34	         16	000000000019190000191900001919000019190000191900001919000019190000191900001919000032189c0032189c0032189c00191900001919000032189c0032189c0032189c0032189c0032189c0032189c0032189c0032189c0032189c0032189c
  34	          0	003219000032189c0032189c0032189c0032189c003219000032189c0032189c0032189c0032189c003219000032189c0032189c0032189c0032189c003219000032189c0032189c0032189c0032189c0032189c0032189c0032189c0032189c0032189c
  35	        272	00321900003219000032190000321900003219000032190000321900003219000032190000321900003219000032190000321900003219000032190000191900003219000032190000321900003219000019190000321900003219000032190000321900
  35	        265	00191900003219000032190000321900003219000019190000191900003219000032190000321900001919000032189c0032189c00321900003219000032189c0032189c0032189c00321900003219000032189c0032189c0032189c0032190000321900
  35	        263	00000000000000000019190000191900001919000000000000000000000000000019190000191900000000000000000000000000000000000019190000000000000000000000000000000000000000000000000000000000000000000000000000000000
  35	        262	0032189c0032189c0019190000191900001919000032190000321900001919000019190000191900003219000032190000321900001919000019190000321900003219000032190000321900001919000032190000321900003219000032190000191900
  35	        237	00000000000000000000000000000000000000000000000000000000000000000000000000000000000019000000190000001900000019000000190000001900000019000000190000001900000019000032190000321900003219000032190000321900
  35	        218	0000000000191900001919000019190000191900000000000032189c0019190000191900001919000032189c0032189c0032189c00191900001919000032189c0032189c0032189c0032189c001919000032189c0032189c0032189c0032189c00191900
  36	        269	0019190000191900001919000032190000321900001919000019190000191900001919000032190000191900001919000032189c001919000032190000191900001919000032189c0019190000321900001919000032189c0032189c0032190000321900
  36	        265	003219000032190000321900003219000032190000321900003219000032190000321900003219000032189c0032189c0032189c00321900003219000032189c0032189c0032189c00321900003219000032189c0032189c0032189c0032189c0032189c
  36	        249	00321900003219000032190000321900003219000032190000321900003219000032190000321900001919000032190000321900003219000032190000191900001919000032190000321900003219000019190000191900003219000032190000321900
  36	        229	00001900003219000032190000321900003219000000190000321900003219000032190000321900001919000032190000321900003219000032190000191900003219000032190000321900003219000019190000191900003219000032190000321900
  36	        141	00321900000019000000190000001900003219000000190000001900000019000000000000000000000019000000190000000000000000000000000000001900000019000000190000000000000000000032190000001900000019000000000000000000
  36	          0	00000000000000000000000000000000000000000000000000000000000000000000000000000000000000000000000000321900000000000000000000000000000000000000000000000000000000000000000000000000000000000000000000000000
  37	        259	001919000019190000321900003219000032190000191900001919000032190000321900003219000019190000191900003219000032190000321900001919000032189c0032190000321900003219000032189c0032189c0032189c0032190000321900
  37	        198	000019000019190000191900003219000032190000191900001919000032190000321900003219000032189c001919000032190000321900003219000032189c0032189c0032190000321900003219000032189c0032189c0032189c0032190000321900
  37	        137	00000000000000000000000000321900003219000000000000000000000000000000000000321900000000000000000000000000000000000032190000000000000000000000000000000000003219000000000000000000000000000032190000321900
  37	         63	00191900003219000032190000321900003219000019190000321900003219000032190000321900001919000032190000321900003219000032190000191900001919000032190000321900003219000019190000191900003219000032190000321900
  37	          3	00191900003219000032190000321900003219000019190000191900003219000032190000321900001919000019190000191900003219000032190000191900001919000032190000321900003219000019190000321900003219000032190000321900
  37	         -2	00321900000019000000190000001900000019000032190000001900000019000000190000001900003219000000190000001900000019000000190000001900000019000000190000001900000019000000190000001900000019000000190000001900
  38	        269	00000000000000000000000000000000000000000000000000000000000000000000000000000000001919000000000000001900000000000000000000191900001919000000190000000000000000000019190000191900001919000000000000000000
  38	        264	00321900001919000032189c0032189c0032189c0019190000191900001919000019190000191900001919000019190000191900001919000019190000191900001919000019190000191900001919000019190000191900001919000019190000191900
  38	        255	000019000000190000001900003219000032190000001900001919000032190000321900003219000032189c0032189c0032190000321900003219000032189c0032189c0032190000321900003219000032189c0032189c0032189c0032190000321900
  38	        241	00001900003219000032190000321900003219000032189c003219000032190000321900003219000032189c0032189c0032190000321900003219000032189c0032189c0032190000321900003219000032189c0032189c003219000032190000321900
  38	        205	000019000000190000001900000019000000190000001900000000000032190000321900003219000032189c0032189c0032190000321900003219000032189c0032189c0032189c00321900003219000032189c0032189c0032189c0032189c00321900
  38	       -108	0032190000321900001919000019190000191900003219000032190000191900001919000019190000321900003219000019190000191900001919000032190000321900003219000032190000191900003219000032190000321900003219000032189c
  39	        278	00000000000000000000000000000000000000000000000000000000003219000032190000321900001919000019190000321900003219000032190000191900001919000019190000321900003219000019190000191900001919000019190000000000
  39	        273	00000000001919000019190000191900001919000000000000000000003219000019190000191900000000000000000000321900001919000019190000001900000019000019190000191900001919000000190000001900001919000019190000191900
  39	        272	00321900003219000032190000321900003219000019190000191900001919000032190000321900001919000019190000191900001919000019190000191900001919000019190000191900001919000019190000191900001919000019190000191900
  39	        271	00191900003219000032190000321900003219000019190000191900001919000032190000321900001919000019190000191900001919000019190000191900001919000019190000191900001919000019190000191900001919000019190000191900
  39	        232	00000000000000000032190000321900003219000000000000000000003219000032190000321900000000000019190000191900003219000032190000000000001919000019190000191900003219000000000000191900001919000019190000000000
  39	          5	00000000000000000000000000000000000000000019190000191900000019000000000000000000001919000019190000191900000019000000190000001900001919000019190000001900000019000000190000001900000019000000190000001900
  40	        273	00000000000000000000000000000000000000000000000000000000003219000032190000000000001919000019190000321900003219000000000000191900001919000032190000321900000000000019190000191900001919000000000000000000
  40	        251	00000000000000000019190000191900000000000000000000191900001919000019190000191900000000000019190000191900001919000019190000191900001919000019190000191900001919000000000000191900001919000019190000000000
  40	        237	00000000000000000000000000000000000000000019190000191900003219000000000000000000001919000019190000191900003219000000000000191900001919000019190000000000000000000019190000191900001919000019190000000000
  40	        230	0032189c0032189c0032189c0032189c0032189c0032189c0032189c00191900001919000032189c0032189c001919000019190000191900001919000032189c0000000000191900001919000032189c0032189c00000000000000000032189c0032189c
  40	         96	00000000000000000032190000321900003219000000000000321900003219000032190000321900000000000032190000321900003219000032190000000000003219000032190000321900003219000000000000321900003219000032190000321900
  40	          4	00000000000000000000000000191900001919000000190000191900001919000019190000191900000019000019190000191900001919000000190000001900000019000000190000001900000019000000190000001900000019000000190000001900
  41	        269	00000000000000000000000000321900000000000000000000321900003219000032190000321900000000000032190000321900003219000032190000000000003219000032190000321900003219000000000000321900003219000032190000000000
  41	        265	00000000000000000032190000321900003219000000000000321900003219000032190000321900001919000019190000321900003219000032190000191900001919000019190000321900003219000019190000191900001919000019190000000000
  41	        261	00000000000000000000000000191900001919000000000000000000001919000019190000191900000000000019190000191900001919000019190000191900001919000019190000191900001919000019190000191900001919000019190000191900
  41	        236	00000000000000000000000000000000000000000000000000000000000000000000000000000000001919000019190000000000000000000000000000191900001919000000000000000000000000000019190000191900000000000000000000000000
  41	        211	00001900000019000000190000321900003219000000190000001900003219000032190000321900001919000032190000321900003219000032190000191900001919000032190000321900003219000019190000191900003219000032190000321900
  41	          6	00191900001919000019190000191900001919000032189c0032189c0000190000001900000019000032189c0032189c0000190000001900000019000032189c0032189c0000190000001900000019000032189c0032189c000019000000190000001900
  42	        265	00321900003219000032190000321900003219000019190000191900003219000032190000321900001919000019190000191900003219000032190000191900001919000019190000191900003219000019190000191900001919000019190000321900
  42	        220	00000000000000000000000000000000000000000000000000321900003219000032190000000000000000000032190000321900003219000032190000000000003219000032190000321900000000000000000000000000003219000000000000000000
  42	        171	00000000000000000000000000000000000000000000000000000000003219000032190000000000000000000000000000321900003219000000000000000000000000000032190000321900000000000000000000000000000000000000000000000000
  42	        134	00191900001919000019190000191900001919000032189c0032189c0032189c00000000000000000032189c0000000000000000000000000000000000000000000000000000000000000000000000000000000000000000000000000000000000000000
  42	        124	00000000000000000000000000000000000000000000000000000000003219000000000000000000000000000032190000321900003219000000000000000000000000000032190000000000000000000000000000000000000000000000000000000000
