 Run	    Fitness	        Solution	    Fitness	   Next_Solution
   1	       1906	fffff8f8000004b0	       1732	fffffc7c0000044b
   1	       1732	fffffc7c0000044b	       1683	fffffd440000044b
   1	       1683	fffffd440000044b	       1407	fffffe0d000002bb
   1	       1407	fffffe0d000002bb	       1360	fffffd450000018f
   1	       1360	fffffd450000018f	       1278	fffffdaa0000018f
   1	       1278	fffffdaa0000018f	       1263	fffffe0d000001f3
   1	       1263	fffffe0d000001f3	        718	0000006300000129
   1	        718	0000006300000129	        357	ffffff9f00000061
   1	        357	ffffff9f00000061	        258	ffffffa100000000
   1	        258	ffffffa100000000	          0	0000000000000000
   1	          0	0000000000000000	          0	0000000000000000
   1	          0	0000000000000000	          0	0000000000000000
   1	          0	0000000000000000	          0	0000000000000000
   1	          0	0000000000000000	          0	0000000000000000
   1	          0	0000000000000000	          0	0000000000000000
   1	          0	0000000000000000	          0	0000000000000000
   2	       1360	fffffd450000018f	        258	00000000ffffffa1
   2	        258	00000000ffffffa1	        258	00000000ffffffa1
   2	        258	00000000ffffffa1	          0	0000000000000000
   2	          0	0000000000000000	          0	0000000000000000
   2	          0	0000000000000000	          0	0000000000000000
   2	          0	0000000000000000	          0	0000000000000000
   2	          0	0000000000000000	          0	0000000000000000
   3	       1988	000009c4fffff5d8	       1980	000008fcfffff704
   3	       1980	000008fcfffff704	       1980	000008fcfffff704
   3	       1980	000008fcfffff704	       1978	00000898fffff704
   3	       1978	00000898fffff704	       1978	00000898fffff704
   3	       1978	00000898fffff704	       1970	00000834fffff7cc
   3	       1970	00000834fffff7cc	       1970	00000834fffff7cc
   3	       1970	00000834fffff7cc	       1967	00000834fffff830
   3	       1967	00000834fffff830	       1960	0000076cfffff830
   3	       1960	0000076cfffff830	       1947	00000640fffff830
   3	       1947	00000640fffff830	       1946	000006a4fffff894
   3	       1946	000006a4fffff894	       1923	0000076cfffffaec
   3	       1923	0000076cfffffaec	       1760	000004affffffc7c
   3	       1760	000004affffffc7c	       1263	000001f3fffffe0d
   3	       1263	000001f3fffffe0d	       1263	000001f3fffffe0d
   3	       1263	000001f3fffffe0d	        656	000000c5000000c5
   3	        656	000000c5000000c5	          0	0000000000000000
   3	          0	0000000000000000	          0	0000000000000000
   3	          0	0000000000000000	          0	0000000000000000
   3	          0	0000000000000000	          0	0000000000000000
   4	       1996	00000bb8fffff380	       1996	00000c1cfffff3e4
   4	       1996	00000c1cfffff3e4	       1996	00000c1cfffff3e4
   4	       1996	00000c1cfffff3e4	       1996	00000c1cfffff448
   4	       1996	00000c1cfffff448	       1995	00000bb8fffff448
   4	       1995	00000bb8fffff448	       1993	00000af0fffff4ac
   4	       1993	00000af0fffff4ac	       1993	00000af0fffff4ac
   4	       1993	00000af0fffff4ac	       1992	00000a8cfffff510
   4	       1992	00000a8cfffff510	       1991	00000a8cfffff574
   4	       1991	00000a8cfffff574	       1989	00000a28fffff5d8
   4	       1989	00000a28fffff5d8	       1960	00000708fffff7cc
   4	       1960	00000708fffff7cc	       1960	00000708fffff7cc
   4	       1960	00000708fffff7cc	       1959	000005dcfffff704
   4	       1959	000005dcfffff704	       1956	00000578fffff704
   4	       1956	00000578fffff704	       1955	000004b0fffff6a0
   4	       1955	000004b0fffff6a0	       1952	00000514fffff704
   4	       1952	00000514fffff704	       1513	fffffc1900000000
   4	       1513	fffffc1900000000	       1354	fffffce200000000
   4	       1354	fffffce200000000	       1026	fffffe0fffffff9d
   4	       1026	fffffe0fffffff9d	       1026	fffffe0fffffff9d
   4	       1026	fffffe0fffffff9d	        357	00000061ffffff9f
   4	        357	00000061ffffff9f	        258	0000005f00000000
   4	        258	0000005f00000000	        258	0000005f00000000
   4	        258	0000005f00000000	          0	0000000000000000
   4	          0	0000000000000000	          0	0000000000000000
   4	          0	0000000000000000	          0	0000000000000000
   4	          0	0000000000000000	          0	0000000000000000
   4	          0	0000000000000000	          0	0000000000000000
   5	       1967	000008980000076c	       1967	000008980000076c
   5	       1967	000008980000076c	       1964	000008340000076c
   5	       1964	000008340000076c	       1964	000008340000076c
   5	       1964	000008340000076c	       1963	000007d0000007d0
   5	       1963	000007d0000007d0	       1960	0000076c000007d0
   5	       1960	0000076c000007d0	       1951	000006a4000007d0
   5	       1951	000006a4000007d0	       1942	000005dc000007d0
   5	       1942	000005dc000007d0	       1012	fffffe720000012a
   5	       1012	fffffe720000012a	          0	0000000000000000
   5	          0	0000000000000000	          0	0000000000000000
   5	          0	0000000000000000	          0	0000000000000000
   6	       1644	000002bbfffffc19	       1456	000002bb00000257
   6	       1456	000002bb00000257	          0	0000000000000000
   6	          0	0000000000000000	          0	0000000000000000
   6	          0	0000000000000000	          0	0000000000000000
   6	          0	0000000000000000	          0	0000000000000000
   6	          0	0000000000000000	          0	0000000000000000
   6	          0	0000000000000000	          0	0000000000000000
   7	       1990	0000076c00000c80	       1985	000006a400000bb8
   7	       1985	000006a400000bb8	       1844	000003e8000005dc
   7	       1844	000003e8000005dc	       1601	0000044b0000012c
   7	       1601	0000044b0000012c	       1153	0000025600000064
   7	       1153	0000025600000064	        538	ffffff3c00000062
   7	        538	ffffff3c00000062	        488	000000c400000000
   7	        488	000000c400000000	        488	00000000ffffff3c
   7	        488	00000000ffffff3c	          0	0000000000000000
   7	          0	0000000000000000	          0	0000000000000000
   7	          0	0000000000000000	          0	0000000000000000
   7	          0	0000000000000000	          0	0000000000000000
   7	          0	0000000000000000	          0	0000000000000000
   7	          0	0000000000000000	          0	0000000000000000
   7	          0	0000000000000000	          0	0000000000000000
   7	          0	0000000000000000	          0	0000000000000000
   8	        488	ffffff3c00000000	        258	000000000000005f
   8	        258	000000000000005f	        258	ffffffa100000000
   8	        258	ffffffa100000000	          0	0000000000000000
   8	          0	0000000000000000	          0	0000000000000000
   8	          0	0000000000000000	          0	0000000000000000
   8	          0	0000000000000000	          0	0000000000000000
   8	          0	0000000000000000	          0	0000000000000000
   9	       1980	00000a8c00000708	       1979	00000a280000076c
   9	       1979	00000a280000076c	       1831	000002bc00000640
   9	       1831	000002bc00000640	       1831	000002bc00000640
   9	       1831	000002bc00000640	       1795	0000032000000578
   9	       1795	0000032000000578	       1012	0000018e0000012a
   9	       1012	0000018e0000012a	        258	0000005f00000000
   9	        258	0000005f00000000	          0	0000000000000000
   9	          0	0000000000000000	          0	0000000000000000
   9	          0	0000000000000000	          0	0000000000000000
   9	          0	0000000000000000	          0	0000000000000000
   9	          0	0000000000000000	          0	0000000000000000
   9	          0	0000000000000000	          0	0000000000000000
  10	        538	00000062000000c4	        357	0000006100000061
  10	        357	0000006100000061	        258	0000005f00000000
  10	        258	0000005f00000000	          0	0000000000000000
  10	          0	0000000000000000	          0	0000000000000000
  10	          0	0000000000000000	          0	0000000000000000
  10	          0	0000000000000000	          0	0000000000000000
  10	          0	0000000000000000	          0	0000000000000000
  10	          0	0000000000000000	          0	0000000000000000
