Run Value_Current_Best Current_Best 25 Value_Solution_At_Iteration Solution_At_Iteration
2 0.6046916920017177 3 3 0 0 1 0 3 0 1 2 4 1 0 3 2 0 4 4 3 4 0 3 4 2 1 0.734234637190148 0 0 3 2 4 2 0 1 1 3 3 4 3 0 0 0 4 4 0 0 1 3 2 2 0
2 0.734234637190148 0 0 3 2 4 2 0 1 1 3 3 4 3 0 0 0 4 4 0 0 1 3 2 2 0 0.7657893686754471 3 0 0 0 2 2 1 4 1 2 2 3 3 4 3 4 0 1 2 3 1 3 0 2 3
2 0.7657893686754471 3 0 0 0 2 2 1 4 1 2 2 3 3 4 3 4 0 1 2 3 1 3 0 2 3 0.7657893686754471 3 0 0 4 2 4 1 4 1 2 2 3 3 4 3 4 0 1 2 3 1 3 0 2 3
2 0.7657893786754471 3 0 0 4 2 4 1 4 1 2 2 3 3 4 3 4 0 1 2 3 1 3 0 2 3 0.8680699411796591 3 0 0 4 2 4 1 4 1 2 2 3 3 4 3 4 0 1 2 3 1 3 0 2 3
2 0.8680699411796591 3 0 0 4 2 4 1 4 1 2 2 3 3 4 3 4 0 1 2 3 1 3 0 2 3 0.8680699411796591 3 0 0 0 2 2 3 4 1 2 2 3 3 4 3 4 0 0 2 2 1 3 0 2 3
2 0.8680699511796591 3 0 0 0 2 2 3 4 1 2 2 3 3 4 3 4 0 0 2 2 1 3 0 2 3 0.8688019014033976 3 0 0 0 2 2 3 4 1 2 2 3 3 4 3 4 0 0 2 2 1 3 0 2 3
2 0.8688019014033976 3 0 0 0 2 2 3 4 1 2 2 3 3 4 3 4 0 0 2 2 1 3 0 2 3 0.8688019014033976 1 0 0 4 2 4 1 4 1 4 2 3 3 4 3 4 0 0 2 3 1 3 0 3 3
2 0.8688019114033976 1 0 0 4 2 4 1 4 1 4 2 3 3 4 3 4 0 0 2 3 1 3 0 3 3 0.8688019014033976 1 0 0 4 2 4 1 4 1 4 2 3 3 4 3 4 0 0 2 3 1 3 0 3 3
2 0.8688019214033976 1 0 0 4 2 4 1 4 1 4 2 3 3 4 3 4 0 0 2 3 1 3 0 3 3 0.8688019014033976 1 0 0 4 2 4 1 4 1 4 2 3 3 4 3 4 0 0 2 3 1 3 0 3 3
2 0.8688019314033976 1 0 0 4 2 4 1 4 1 4 2 3 3 4 3 4 0 0 2 3 1 3 0 3 3 0.8688019014033976 1 0 0 4 2 4 1 4 1 4 2 3 3 4 3 4 0 0 2 3 1 3 0 3 3
2 0.8688019414033976 1 0 0 4 2 4 1 4 1 4 2 3 3 4 3 4 0 0 2 3 1 3 0 3 3 0.8690685657504692 1 0 0 4 2 4 1 4 1 4 2 3 3 4 3 4 0 0 2 3 1 3 0 3 3
2 0.8690685657504692 1 0 0 4 2 4 1 4 1 4 2 3 3 4 3 4 0 0 2 3 1 3 0 3 3 0.8690685657504692 1 0 3 4 2 1 4 4 1 4 2 3 3 4 3 4 0 3 2 2 1 3 0 3 3
2 0.8690685757504692 1 0 3 4 2 1 4 4 1 4 2 3 3 4 3 4 0 3 2 2 1 3 0 3 3 0.8690685657504692 1 0 3 4 2 1 4 4 1 4 2 3 3 4 3 4 0 3 2 2 1 3 0 3 3
2 0.8690685857504692 1 0 3 4 2 1 4 4 1 4 2 3 3 4 3 4 0 3 2 2 1 3 0 3 3 0.8690685657504692 1 0 3 4 2 1 4 4 1 4 2 3 3 4 3 4 0 3 2 2 1 3 0 3 3
