Run Value_Current_Best Current_Best 25 Value_Solution_At_Iteration Solution_At_Iteration
3 0.7803639246183053 3 3 0 0 1 0 3 0 1 2 4 1 0 3 2 0 4 4 3 4 0 3 4 2 1 0.7803639246183053 3 0 0 0 2 4 1 4 1 2 2 3 3 4 3 4 0 1 2 3 1 3 0 2 3
3 0.7803639346183053 3 0 0 0 2 4 1 4 1 2 2 3 3 4 3 4 0 1 2 3 1 3 0 2 3 0.7803639246183053 3 0 0 0 2 4 1 4 1 2 2 3 3 4 3 4 0 1 2 3 1 3 0 2 3
3 0.7803639446183053 3 0 0 0 2 4 1 4 1 2 2 3 3 4 3 4 0 1 2 3 1 3 0 2 3 0.7803639246183053 3 0 0 0 2 4 1 4 1 2 2 3 3 4 3 4 0 1 2 3 1 3 0 2 3
3 0.7803639546183053 3 0 0 0 2 4 1 4 1 2 2 3 3 4 3 4 0 1 2 3 1 3 0 2 3 0.7803639246183053 3 0 0 0 2 4 1 4 1 2 2 3 3 4 3 4 0 1 2 3 1 3 0 2 3
3 0.7803639646183053 3 0 0 0 2 4 1 4 1 2 2 3 3 4 3 4 0 1 2 3 1 3 0 2 3 0.7803639246183053 3 0 0 0 2 4 1 4 1 2 2 3 3 4 3 4 0 1 2 3 1 3 0 2 3
3 0.7803639746183053 3 0 0 0 2 4 1 4 1 2 2 3 3 4 3 4 0 1 2 3 1 3 0 2 3 0.7803639246183053 3 0 0 0 2 4 1 4 1 2 2 3 3 4 3 4 0 1 2 3 1 3 0 2 3
3 0.7803639846183053 3 0 0 0 2 4 1 4 1 2 2 3 3 4 3 4 0 1 2 3 1 3 0 2 3 0.7803639246183053 3 0 0 0 2 4 1 4 1 2 2 3 3 4 3 4 0 1 2 3 1 3 0 2 3
3 0.7803639946183053 3 0 0 0 2 4 1 4 1 2 2 3 3 4 3 4 0 1 2 3 1 3 0 2 3 0.8567186135178376 3 0 0 0 2 4 1 4 1 2 2 3 3 4 3 4 0 1 2 3 1 3 0 2 3
3 0.8567186135178376 3 0 0 0 2 4 1 4 1 2 2 3 3 4 3 4 0 1 2 3 1 3 0 2 3 0.8567186135178376 3 0 0 0 2 4 1 4 1 2 2 3 3 4 3 4 0 1 2 3 1 0 0 2 3
3 0.8567186235178376 3 0 0 0 2 4 1 4 1 2 2 3 3 4 3 4 0 1 2 3 1 0 0 2 3 0.8567186135178376 3 0 0 0 2 4 1 4 1 2 2 3 3 4 3 4 0 1 2 3 1 0 0 2 3
3 0.8567186335178376 3 0 0 0 2 4 1 4 1 2 2 3 3 4 3 4 0 1 2 3 1 0 0 2 3 0.8674375136621004 3 0 0 0 2 4 1 4 1 2 2 3 3 4 3 4 0 1 2 3 1 0 0 2 3
3 0.8674375136621004 3 0 0 0 2 4 1 4 1 2 2 3 3 4 3 4 0 1 2 3 1 0 0 2 3 0.8682594611711997 3 0 0 0 2 4 2 4 1 2 2 3 3 4 3 4 0 1 0 3 1 0 0 2 3
3 0.8682594611711997 3 0 0 0 2 4 2 4 1 2 2 3 3 4 3 4 0 1 0 3 1 0 0 2 3 0.8684625183049932 3 0 0 0 2 4 1 4 1 2 2 3 3 4 3 4 0 1 2 3 1 0 0 4 3
3 0.8684625183049932 3 0 0 0 2 4 1 4 1 2 2 3 3 4 3 4 0 1 2 3 1 0 0 4 3 0.8684625183049932 3 0 0 0 3 4 1 4 1 2 2 3 3 4 3 4 0 2 2 4 1 0 0 4 3
